Object_Id  Timestamp Type Lat Lng 

0 1 newpoint 47.7535661214418 -122.326583862305
0 1 point 47.7526428212265 -122.326583862305
0 1 point 47.7507961716501 -122.326583862305
0 1 point 47.7498728222889 -122.326583862305
0 1 point 47.7489494565456 -122.32521057129
0 1 point 47.7471026759127 -122.32521057129
0 1 point 47.7461792610229 -122.32521057129
0 1 point 47.7452558297509 -122.32521057129
0 1 point 47.7443323820965 -122.32521057129
0 1 point 47.741561940839 -122.32521057129
0 1 point 47.7397148980881 -122.32521057129
0 1 point 47.7378677898067 -122.32521057129
0 1 point 47.7360206159945 -122.32521057129
0 1 point 47.7341733766509 -122.32521057129
0 1 point 47.7323260717756 -122.32521057129
0 1 point 47.7304787013681 -122.32521057129
0 1 point 47.7286312654282 -122.32521057129
0 1 point 47.7267837639553 -122.32521057129
0 1 point 47.7258599886439 -122.32521057129
0 1 point 47.7240123888709 -122.32521057129
0 1 point 47.7221647235639 -122.32521057129
0 1 point 47.7203169927226 -122.32521057129
0 1 point 47.7184691963465 -122.326583862305
0 1 point 47.7175452735829 -122.326583862305
0 1 point 47.7166213344354 -122.326583862305
0 1 point 47.7138494186893 -122.326583862305
0 1 point 47.7129254140059 -122.326583862305
0 1 point 47.7120013929385 -122.326583862305
0 1 point 47.7110773554869 -122.326583862305
0 1 point 47.7092292314311 -122.326583862305
0 1 point 47.7083051448268 -122.326583862305
0 1 point 47.7064569224651 -122.326583862305
0 1 point 47.7055327867077 -122.326583862305
0 1 point 47.7046086345657 -122.326583862305
0 1 point 47.7036844660392 -122.326583862305
0 1 point 47.7018360798324 -122.326583862305
0 1 point 47.6999876280869 -122.326583862305
0 1 point 47.6990633776369 -122.326583862305
0 1 point 47.6981391108022 -122.326583862305
0 1 point 47.6962905279779 -122.326583862305
0 1 point 47.6953662119883 -122.326583862305
0 1 point 47.6944418796137 -122.326583862305
0 1 point 47.693517530854 -122.326583862305
0 1 point 47.6925931657091 -122.326583862305
0 1 point 47.6916687841791 -122.326583862305
0 1 point 47.6907443862638 -122.326583862305
0 1 point 47.6898199719632 -122.326583862305
0 1 point 47.6888955412773 -122.326583862305
0 1 point 47.687971094206 -122.32521057129
0 1 point 47.6870466307493 -122.32521057129
0 1 point 47.6861221509071 -122.32521057129
0 1 point 47.6851976546793 -122.32521057129
0 1 point 47.684273142066 -122.32521057129
0 1 point 47.683348613067 -122.32521057129
0 1 point 47.6824240676824 -122.32521057129
0 1 point 47.681499505912 -122.32521057129
0 1 point 47.6805749277558 -122.32521057129
0 1 point 47.6796503332138 -122.32521057129
0 1 point 47.6787257222859 -122.32521057129
0 1 point 47.677801094972 -122.32521057129
0 1 point 47.6759517911864 -122.32521057129
0 1 point 47.6750271147145 -122.32521057129
0 1 point 47.6731777126122 -122.32521057129
0 1 point 47.6722529869817 -122.32521057129
0 1 point 47.6713282449649 -122.32521057129
0 1 point 47.6704034865619 -122.32521057129
0 1 point 47.6685539205965 -122.32521057129
0 1 point 47.6676291130341 -122.32521057129
0 1 point 47.6667042890852 -122.32521057129
0 1 point 47.6657794487498 -122.32521057129
0 1 point 47.6639297189189 -122.32521057129
0 1 point 47.6630048294234 -122.32521057129
0 1 point 47.6620799235411 -122.32521057129
0 1 point 47.661155001272 -122.32521057129
0 1 point 47.660230062616 -122.326583862305
0 1 point 47.6593051075731 -122.326583862305
0 1 point 47.6583801361433 -122.326583862305
0 1 point 47.6574551483264 -122.326583862305
0 1 point 47.6565301441224 -122.326583862305
0 1 point 47.6556051235313 -122.326583862305
0 1 point 47.6537550331876 -122.327957153321
0 1 point 47.6537550331876 -122.329330444337
0 1 point 47.6528299634349 -122.329330444337
0 1 point 47.6519048772949 -122.329330444337
0 1 point 47.6519048772949 -122.330703735352
0 1 point 47.6509797747675 -122.330703735352
0 1 point 47.6500546558526 -122.330703735352
0 1 point 47.6482043688605 -122.330703735352
0 1 point 47.6472792007832 -122.330703735352
0 1 point 47.6463540163182 -122.330703735352
0 1 point 47.6454288154656 -122.330703735352
0 1 point 47.6445035982252 -122.330703735352
0 1 point 47.6435783645971 -122.330703735352
0 1 point 47.6426531145812 -122.330703735352
0 1 point 47.6417278481775 -122.330703735352
0 1 point 47.6408025653858 -122.330703735352
0 1 point 47.6398772662062 -122.330703735352
0 1 point 47.6389519506386 -122.330703735352
0 1 point 47.6380266186829 -122.330703735352
0 1 point 47.6371012703391 -122.330703735352
0 1 point 47.6371012703391 -122.329330444337
0 1 point 47.6361759056072 -122.329330444337
0 1 point 47.6352505244871 -122.329330444337
0 1 point 47.6352505244871 -122.327957153321
0 1 point 47.6352505244871 -122.326583862305
0 1 point 47.6343251269787 -122.326583862305
0 1 point 47.6343251269787 -122.32521057129
0 1 point 47.6333997130821 -122.323837280274
0 1 point 47.6333997130821 -122.322463989258
0 1 point 47.6324742827971 -122.322463989258
0 1 point 47.6324742827971 -122.321090698243
0 1 point 47.6315488361237 -122.321090698243
0 1 point 47.6306233730618 -122.319717407227
0 1 point 47.6296978936115 -122.319717407227
0 1 point 47.6278468855452 -122.318344116212
0 1 point 47.6269213569291 -122.316970825196
0 1 point 47.6259958119243 -122.316970825196
0 1 point 47.6250702505308 -122.316970825196
0 1 point 47.6241446727485 -122.316970825196
0 1 point 47.6232190785773 -122.316970825196
0 1 point 47.6222934680173 -122.316970825196
0 1 point 47.6204421977305 -122.316970825196
0 1 point 47.6176651693824 -122.316970825196
0 1 point 47.6167394604881 -122.316970825196
0 1 point 47.6158137352045 -122.316970825196
0 1 point 47.6148879935317 -122.316970825196
0 1 point 47.6139622354696 -122.316970825196
0 1 point 47.6130364610181 -122.316970825196
0 1 point 47.6121106701772 -122.316970825196
0 1 point 47.610259039327 -122.316970825196
0 1 point 47.6093331993176 -122.316970825196
0 1 point 47.6084073429185 -122.316970825196
0 1 point 47.6065555809514 -122.316970825196
0 1 point 47.6056296753833 -122.316970825196
0 1 point 47.6047037534253 -122.316970825196
0 1 point 47.6037778150775 -122.316970825196
0 1 point 47.6019258892122 -122.316970825196
0 1 point 47.6009999016946 -122.316970825196
0 1 point 47.6000738977869 -122.316970825196
0 1 point 47.5991478774891 -122.318344116212
0 1 point 47.5982218408012 -122.318344116212
0 1 point 47.5972957877231 -122.318344116212
0 1 point 47.5963697182547 -122.318344116212
0 1 point 47.5954436323961 -122.318344116212
0 1 point 47.5954436323961 -122.316970825196
0 1 point 47.5945175301472 -122.31559753418
0 1 point 47.5935914115079 -122.31559753418
0 1 point 47.5926652764781 -122.314224243165
0 1 point 47.5917391250579 -122.314224243165
0 1 point 47.5917391250579 -122.312850952149
0 1 point 47.5898867730458 -122.312850952149
0 1 point 47.5889605724539 -122.312850952149
0 1 point 47.5880343554712 -122.312850952149
0 1 point 47.5861818723338 -122.312850952149
0 1 point 47.5824767093688 -122.312850952149
0 1 point 47.5787712841478 -122.312850952149
0 1 point 47.5759920431246 -122.310104370118
0 1 point 47.5732126545794 -122.307357788087
0 1 point 47.5713596469252 -122.305984497071
0 1 point 47.5695065737048 -122.30323791504
0 1 point 47.5676534349176 -122.301864624024
0 1 point 47.5648736037985 -122.299118041993
0 1 point 47.5639469606417 -122.297744750977
0 1 point 47.563020301093 -122.297744750977
0 1 point 47.5620936251522 -122.297744750977
0 1 point 47.5611669328194 -122.297744750977
0 1 point 47.5602402240945 -122.297744750977
0 1 point 47.5602402240945 -122.296371459962
0 1 point 47.5593134989775 -122.296371459962
0 1 point 47.5583867574682 -122.294998168946
0 1 point 47.5574599995667 -122.294998168946
0 1 point 47.5574599995667 -122.29362487793
0 1 point 47.5565332252729 -122.29362487793
0 1 point 47.5556064345868 -122.29362487793
0 1 point 47.5546796275083 -122.292251586915
0 1 point 47.5528259641739 -122.289505004883
0 1 point 47.5518991079179 -122.288131713868
0 1 point 47.5509722352694 -122.286758422852
0 1 point 47.5491184407944 -122.285385131837
0 1 point 47.5481915189678 -122.284011840821
0 1 point 47.5472645807485 -122.284011840821
0 1 point 47.5472645807485 -122.282638549805
0 1 point 47.5463376261364 -122.282638549805
0 1 point 47.5454106551314 -122.282638549805
0 1 point 47.5444836677335 -122.282638549805
0 1 point 47.5435566639427 -122.282638549805
0 1 point 47.5417026071819 -122.28126525879
0 1 point 47.5407755542119 -122.28126525879
0 1 point 47.5398484848488 -122.28126525879
0 1 point 47.5379942969429 -122.28126525879
0 1 point 47.5361400434639 -122.28126525879
0 1 point 47.5352128921343 -122.28126525879
0 1 point 47.5342857244113 -122.28126525879
0 1 point 47.5324313397849 -122.28126525879
0 1 point 47.5315041228813 -122.28126525879
0 1 point 47.5305768895842 -122.28126525879
0 1 point 47.5287223738088 -122.28126525879
0 1 point 47.5277950913305 -122.279891967774
0 1 point 47.5268677924584 -122.278518676758
0 1 point 47.5250131455327 -122.275772094727
0 1 point 47.5231584330311 -122.274398803712
0 1 point 47.5222310521893 -122.27165222168
0 1 point 47.5203762413234 -122.27165222168
0 1 point 47.5194488112993 -122.270278930665
0 1 point 47.5185213648808 -122.268905639649
0 1 point 47.5175939020682 -122.267532348633
0 1 point 47.5157389272598 -122.266159057618
0 1 point 47.514811415264 -122.264785766602
0 1 point 47.5138838868738 -122.262039184571
0 1 point 47.512956342089 -122.262039184571
0 1 point 47.5120287809097 -122.262039184571
0 1 point 47.5111012033359 -122.262039184571
0 1 point 47.5092459990041 -122.262039184571
0 1 point 47.5083183722461 -122.262039184571
0 1 point 47.5073907290934 -122.262039184571
0 1 point 47.5055353936034 -122.263412475587
0 1 point 47.504607701266 -122.264785766602
0 1 point 47.5036799925336 -122.267532348633
0 1 point 47.5036799925336 -122.270278930665
0 1 point 47.5027522674063 -122.270278930665
0 1 point 47.5027522674063 -122.27165222168
0 1 point 47.5027522674063 -122.273025512696
0 1 point 47.5018245258839 -122.273025512696
0 1 point 47.5018245258839 -122.274398803712
0 1 point 47.5008967679663 -122.274398803712
0 1 point 47.4999689936536 -122.274398803712
0 1 point 47.4990412029457 -122.274398803712
0 1 point 47.4981133958426 -122.274398803712
0 1 point 47.4971855723441 -122.274398803712
0 1 point 47.4962577324504 -122.274398803712
0 1 point 47.4944020034766 -122.27165222168
0 1 point 47.4925462089209 -122.270278930665
0 1 point 47.4916182870497 -122.268905639649
0 1 point 47.4897623941204 -122.267532348633
0 1 point 47.4879064356082 -122.266159057618
0 1 point 47.4869784317585 -122.264785766602
0 1 point 47.4851223748714 -122.263412475587
0 1 point 47.4832662524005 -122.262039184571
0 1 point 47.482338166571 -122.262039184571
0 1 point 47.4814100643454 -122.260665893555
0 1 point 47.4795538107059 -122.260665893555
0 1 point 47.4786256592918 -122.25929260254
0 1 point 47.4776974914815 -122.25929260254
0 1 point 47.4767693072748 -122.25929260254
0 1 point 47.4749128896723 -122.25929260254
0 1 point 47.4739846562765 -122.25929260254
0 1 point 47.4721281402952 -122.25929260254
0 1 point 47.4711998577097 -122.25929260254
0 1 point 47.4702715587275 -122.25929260254
0 1 point 47.4684149115731 -122.260665893555
0 1 point 47.4674865634008 -122.260665893555
0 1 point 47.4656298178657 -122.263412475587
0 1 point 47.4637730067429 -122.264785766602
0 1 point 47.462844576586 -122.264785766602
0 1 point 47.4619161300321 -122.264785766602
0 1 point 47.460987667081 -122.264785766602
0 1 point 47.4591306919876 -122.264785766602
0 1 point 47.458202179845 -122.264785766602
0 1 point 47.4572736513051 -122.264785766602
0 1 point 47.4563451063679 -122.264785766602
0 1 point 47.4554165450334 -122.264785766602
0 1 point 47.4544879673015 -122.264785766602
0 1 point 47.453559373172 -122.264785766602
0 1 point 47.4526307626451 -122.264785766602
0 1 point 47.4526307626451 -122.266159057618
0 1 point 47.4517021357206 -122.266159057618
0 1 point 47.4517021357206 -122.268905639649
0 1 point 47.4517021357206 -122.270278930665
0 1 point 47.4517021357206 -122.27165222168
0 1 point 47.4507734923986 -122.273025512696
0 1 point 47.4498448326789 -122.275772094727
0 1 point 47.4489161565615 -122.277145385743
0 1 point 47.4470587551334 -122.28126525879
0 1 point 47.4461300298227 -122.284011840821
0 1 point 47.4442725300076 -122.286758422852
0 1 point 47.4433437555031 -122.289505004883
0 1 point 47.4424149646006 -122.292251586915
0 1 point 47.4414861573001 -122.292251586915
0 1 point 47.4405573336014 -122.29362487793
0 1 point 47.4396284935047 -122.29362487793
0 1 point 47.4377707641165 -122.29362487793
0 1 point 47.436841874825 -122.29362487793
0 1 point 47.4349840470471 -122.29362487793
0 1 point 47.4340551085605 -122.29362487793
0 1 point 47.4321971823919 -122.29362487793
0 1 point 47.4312681947098 -122.29362487793
0 1 point 47.4294101701498 -122.29362487793
0 1 point 47.4284811332718 -122.29362487793
0 1 point 47.427552079995 -122.29362487793
0 1 point 47.4256939242451 -122.29362487793
0 1 point 47.4247648217719 -122.29362487793
0 1 point 47.4238357028998 -122.29362487793
0 1 point 47.4229065676287 -122.29362487793
0 1 point 47.4219774159586 -122.29362487793
0 1 point 47.4201190634213 -122.29362487793
0 1 point 47.4191898625539 -122.29362487793
0 1 point 47.4182606452873 -122.29362487793
0 1 point 47.4173314116216 -122.29362487793
0 1 point 47.4164021615565 -122.29362487793
0 1 point 47.4164021615565 -122.292251586915
0 1 point 47.4154728950922 -122.292251586915
0 1 point 47.4145436122284 -122.292251586915
0 1 point 47.4136143129653 -122.292251586915
0 1 point 47.4126849973027 -122.292251586915
0 1 point 47.4117556652406 -122.292251586915
0 1 point 47.410826316779 -122.292251586915
0 1 point 47.4098969519178 -122.292251586915
0 1 point 47.408967570657 -122.292251586915
0 1 point 47.4071087589362 -122.292251586915
0 1 point 47.4061793284762 -122.292251586915
0 1 point 47.4052498816164 -122.292251586915
0 1 point 47.4043204183567 -122.292251586915
0 1 point 47.4033909386971 -122.292251586915
0 1 point 47.4024614426376 -122.292251586915
0 1 point 47.4015319301781 -122.292251586915
0 1 point 47.4006024013186 -122.292251586915
0 1 point 47.3987432943992 -122.292251586915
0 1 point 47.3968841218792 -122.29362487793
0 1 point 47.3959545110188 -122.29362487793
0 1 point 47.3950248837581 -122.29362487793
0 1 point 47.394095240097 -122.29362487793
0 1 point 47.3922359035737 -122.29362487793
0 1 point 47.3913062107114 -122.29362487793
0 1 point 47.3894467757851 -122.29362487793
0 1 point 47.388517033721 -122.29362487793
0 1 point 47.3875872752563 -122.29362487793
0 1 point 47.3866575003909 -122.29362487793
0 1 point 47.3847979014578 -122.29362487793
0 1 point 47.38386807739 -122.29362487793
0 1 point 47.3820083800517 -122.29362487793
0 1 point 47.3810785067811 -122.29362487793
0 1 point 47.3801486171095 -122.29362487793
0 1 point 47.3792187110369 -122.29362487793
0 1 point 47.3782887885631 -122.29362487793
0 1 point 47.3773588496882 -122.29362487793
0 1 point 47.3764288944121 -122.29362487793
0 1 point 47.3754989227348 -122.29362487793
0 1 point 47.3745689346562 -122.29362487793
0 1 point 47.3736389301762 -122.29362487793
0 1 point 47.372708909295 -122.29362487793
0 1 point 47.3717788720122 -122.29362487793
0 1 point 47.3708488183281 -122.29362487793
0 1 point 47.3699187482424 -122.29362487793
0 1 point 47.3689886617552 -122.292251586915
0 1 point 47.3680585588664 -122.292251586915
0 1 point 47.3661983038838 -122.292251586915
0 1 point 47.3643379832943 -122.292251586915
0 1 point 47.3634077983969 -122.292251586915
0 1 point 47.3624775970977 -122.292251586915
0 1 point 47.3606171452934 -122.292251586915
0 1 point 47.3596868947883 -122.292251586915
0 1 point 47.3587566278812 -122.292251586915
0 1 point 47.357826344572 -122.292251586915
0 1 point 47.3559657287472 -122.292251586915
0 1 point 47.3550353962315 -122.292251586915
0 1 point 47.3541050473135 -122.292251586915
0 1 point 47.3531746819933 -122.292251586915
0 1 point 47.3522443002707 -122.292251586915
0 1 point 47.3513139021458 -122.292251586915
0 1 point 47.3503834876184 -122.292251586915
0 1 point 47.3494530566886 -122.292251586915
0 1 point 47.3485226093562 -122.292251586915
0 1 point 47.3475921456213 -122.292251586915
0 1 point 47.3466616654838 -122.292251586915
0 1 point 47.3457311689436 -122.29362487793
0 1 point 47.3448006560008 -122.294998168946
0 1 point 47.3438701266552 -122.294998168946
0 1 point 47.3420090187557 -122.296371459962
0 1 point 47.3401478452447 -122.297744750977
0 1 point 47.3382866061219 -122.299118041993
0 1 point 47.336425301387 -122.299118041993
0 1 point 47.3345639310396 -122.300491333008
0 1 point 47.3327024950793 -122.300491333008
0 1 point 47.3317717524942 -122.300491333008
0 1 point 47.3308409935058 -122.301864624024
0 1 point 47.3289794263188 -122.301864624024
0 1 point 47.3280486181202 -122.301864624024
0 1 point 47.3271177935179 -122.30323791504
0 1 point 47.3252560951028 -122.30323791504
0 1 point 47.3243252212898 -122.304611206055
0 1 point 47.3224634244527 -122.304611206055
0 1 point 47.3215325014285 -122.304611206055
0 1 point 47.3196706061686 -122.304611206055
0 1 point 47.317808645293 -122.304611206055
0 1 point 47.3168776402493 -122.304611206055
0 1 point 47.3150155809497 -122.304611206055
0 1 point 47.3140845266937 -122.305984497071
0 1 point 47.3131534560336 -122.305984497071
0 1 point 47.3122223689692 -122.305984497071
0 1 point 47.3103601456277 -122.307357788087
0 1 point 47.3084978566689 -122.308731079102
0 1 point 47.3075666875829 -122.310104370118
0 1 point 47.3066355020924 -122.310104370118
0 1 point 47.3057043001974 -122.310104370118
0 1 point 47.3047730818978 -122.310104370118