Object_Id  Timestamp Type Lat Lng 

0 1 newpoint 47.7609519334214 -122.187881469727
0 1 point 47.7600287642596 -122.187881469727
0 1 point 47.7591055787163 -122.187881469727
0 1 point 47.7581823767914 -122.189254760743
0 1 point 47.7572591584849 -122.190628051758
0 1 point 47.7563359237967 -122.190628051758
0 1 point 47.7554126727269 -122.190628051758
0 1 point 47.7544894052753 -122.190628051758
0 1 point 47.7535661214418 -122.190628051758
0 1 point 47.7526428212265 -122.190628051758
0 1 point 47.7517195046293 -122.190628051758
0 1 point 47.7498728222889 -122.190628051758
0 1 point 47.7489494565456 -122.190628051758
0 1 point 47.7480260744203 -122.190628051758
0 1 point 47.7471026759127 -122.189254760743
0 1 point 47.7461792610229 -122.189254760743
0 1 point 47.7452558297509 -122.189254760743
0 1 point 47.7452558297509 -122.187881469727
0 1 point 47.7443323820965 -122.186508178712
0 1 point 47.7434089180598 -122.186508178712
0 1 point 47.7424854376406 -122.186508178712
0 1 point 47.7424854376406 -122.185134887696
0 1 point 47.741561940839 -122.185134887696
0 1 point 47.7406384276549 -122.18376159668
0 1 point 47.7397148980881 -122.18376159668
0 1 point 47.7387913521388 -122.18376159668
0 1 point 47.7378677898067 -122.182388305665
0 1 point 47.736944211092 -122.181015014649
0 1 point 47.7360206159945 -122.181015014649
0 1 point 47.7350970045141 -122.181015014649
0 1 point 47.7341733766509 -122.181015014649
0 1 point 47.7332497324047 -122.179641723633
0 1 point 47.7323260717756 -122.179641723633
0 1 point 47.7314023947634 -122.179641723633
0 1 point 47.7304787013681 -122.179641723633
0 1 point 47.7295549915897 -122.179641723633
0 1 point 47.7286312654282 -122.179641723633
0 1 point 47.7277075228834 -122.179641723633
0 1 point 47.7267837639553 -122.179641723633
0 1 point 47.7258599886439 -122.179641723633
0 1 point 47.7249361969491 -122.179641723633
0 1 point 47.7240123888709 -122.179641723633
0 1 point 47.7230885644091 -122.179641723633
0 1 point 47.7221647235639 -122.179641723633
0 1 point 47.7212408663351 -122.179641723633
0 1 point 47.7203169927226 -122.179641723633
0 1 point 47.7193931027264 -122.179641723633
0 1 point 47.7184691963465 -122.179641723633
0 1 point 47.7175452735829 -122.179641723633
0 1 point 47.7166213344354 -122.181015014649
0 1 point 47.7156973789039 -122.181015014649
0 1 point 47.7147734069886 -122.182388305665
0 1 point 47.7147734069886 -122.18376159668
0 1 point 47.7138494186893 -122.185134887696
0 1 point 47.7129254140059 -122.185134887696
0 1 point 47.7129254140059 -122.186508178712
0 1 point 47.7120013929385 -122.186508178712
0 1 point 47.7110773554869 -122.186508178712
0 1 point 47.7101533016511 -122.186508178712
0 1 point 47.7092292314311 -122.186508178712
0 1 point 47.7083051448268 -122.186508178712
0 1 point 47.7073810418382 -122.186508178712
0 1 point 47.7064569224651 -122.186508178712
0 1 point 47.7055327867077 -122.186508178712
0 1 point 47.7046086345657 -122.186508178712
0 1 point 47.7036844660392 -122.186508178712
0 1 point 47.7018360798324 -122.186508178712
0 1 point 47.700911862152 -122.186508178712
0 1 point 47.6999876280869 -122.186508178712
0 1 point 47.6990633776369 -122.186508178712
0 1 point 47.6981391108022 -122.186508178712
0 1 point 47.6972148275825 -122.186508178712
0 1 point 47.6962905279779 -122.186508178712
0 1 point 47.6953662119883 -122.186508178712
0 1 point 47.6944418796137 -122.186508178712
0 1 point 47.693517530854 -122.186508178712
0 1 point 47.6925931657091 -122.186508178712
0 1 point 47.6916687841791 -122.186508178712
0 1 point 47.6907443862638 -122.186508178712
0 1 point 47.6898199719632 -122.186508178712
0 1 point 47.6888955412773 -122.186508178712
0 1 point 47.6870466307493 -122.186508178712
0 1 point 47.6861221509071 -122.186508178712
0 1 point 47.6851976546793 -122.186508178712
0 1 point 47.683348613067 -122.186508178712
0 1 point 47.681499505912 -122.186508178712
0 1 point 47.6796503332138 -122.186508178712
0 1 point 47.6787257222859 -122.186508178712
0 1 point 47.677801094972 -122.186508178712
0 1 point 47.6759517911864 -122.186508178712
0 1 point 47.6750271147145 -122.186508178712
0 1 point 47.6741024218564 -122.186508178712
0 1 point 47.6731777126122 -122.186508178712
0 1 point 47.6722529869817 -122.186508178712
0 1 point 47.6713282449649 -122.186508178712
0 1 point 47.6704034865619 -122.186508178712
0 1 point 47.6685539205965 -122.186508178712
0 1 point 47.6676291130341 -122.186508178712
0 1 point 47.6667042890852 -122.186508178712
0 1 point 47.6657794487498 -122.186508178712
0 1 point 47.6639297189189 -122.186508178712
0 1 point 47.6630048294234 -122.186508178712
0 1 point 47.6620799235411 -122.186508178712
0 1 point 47.661155001272 -122.186508178712
0 1 point 47.660230062616 -122.186508178712
0 1 point 47.6593051075731 -122.186508178712
0 1 point 47.6583801361433 -122.186508178712
0 1 point 47.6574551483264 -122.186508178712
0 1 point 47.6565301441224 -122.186508178712
0 1 point 47.6556051235313 -122.186508178712
0 1 point 47.6546800865531 -122.186508178712
0 1 point 47.6537550331876 -122.186508178712
0 1 point 47.6528299634349 -122.186508178712
0 1 point 47.6519048772949 -122.186508178712
0 1 point 47.6509797747675 -122.186508178712
0 1 point 47.6491295205503 -122.186508178712
0 1 point 47.6482043688605 -122.186508178712
0 1 point 47.6472792007832 -122.186508178712
0 1 point 47.6454288154656 -122.186508178712
0 1 point 47.6445035982252 -122.186508178712
0 1 point 47.6435783645971 -122.186508178712
0 1 point 47.6426531145812 -122.186508178712
0 1 point 47.6417278481775 -122.186508178712
0 1 point 47.6408025653858 -122.186508178712
0 1 point 47.6389519506386 -122.186508178712
0 1 point 47.6380266186829 -122.186508178712
0 1 point 47.6371012703391 -122.185134887696
0 1 point 47.6352505244871 -122.18376159668
0 1 point 47.6343251269787 -122.18376159668
0 1 point 47.6333997130821 -122.182388305665
0 1 point 47.6315488361237 -122.182388305665
0 1 point 47.6306233730618 -122.181015014649
0 1 point 47.6296978936115 -122.181015014649
0 1 point 47.6287723977726 -122.181015014649
0 1 point 47.6278468855452 -122.179641723633
0 1 point 47.6269213569291 -122.179641723633
0 1 point 47.6259958119243 -122.179641723633
0 1 point 47.6250702505308 -122.179641723633
0 1 point 47.6241446727485 -122.178268432618
0 1 point 47.6232190785773 -122.178268432618
0 1 point 47.6222934680173 -122.178268432618
0 1 point 47.6213678410684 -122.178268432618
0 1 point 47.6204421977305 -122.178268432618
0 1 point 47.6195165380035 -122.178268432618
0 1 point 47.6176651693824 -122.178268432618
0 1 point 47.6167394604881 -122.178268432618
0 1 point 47.6158137352045 -122.178268432618
0 1 point 47.6148879935317 -122.178268432618
0 1 point 47.6130364610181 -122.178268432618
0 1 point 47.6121106701772 -122.178268432618
0 1 point 47.610259039327 -122.178268432618
0 1 point 47.6084073429185 -122.178268432618
0 1 point 47.6074814701298 -122.178268432618
0 1 point 47.6056296753833 -122.178268432618
0 1 point 47.6047037534253 -122.178268432618
0 1 point 47.6028518603398 -122.178268432618
0 1 point 47.6019258892122 -122.176895141602
0 1 point 47.6009999016946 -122.175521850587
0 1 point 47.5991478774891 -122.175521850587
0 1 point 47.5982218408012 -122.175521850587
0 1 point 47.5972957877231 -122.175521850587
0 1 point 47.5963697182547 -122.175521850587
0 1 point 47.5954436323961 -122.175521850587
0 1 point 47.5954436323961 -122.176895141602
0 1 point 47.5945175301472 -122.176895141602
0 1 point 47.5945175301472 -122.178268432618
0 1 point 47.5935914115079 -122.179641723633
0 1 point 47.5935914115079 -122.181015014649
0 1 point 47.5935914115079 -122.182388305665
0 1 point 47.5935914115079 -122.18376159668
0 1 point 47.5926652764781 -122.186508178712
0 1 point 47.5926652764781 -122.189254760743
0 1 point 47.5926652764781 -122.190628051758
0 1 point 47.5917391250579 -122.190628051758
0 1 point 47.5908129572471 -122.190628051758
0 1 point 47.5898867730458 -122.190628051758
0 1 point 47.5880343554712 -122.190628051758
0 1 point 47.5871081220979 -122.190628051758
0 1 point 47.5861818723338 -122.190628051758
0 1 point 47.5852556061789 -122.190628051758
0 1 point 47.5834030246964 -122.190628051758
0 1 point 47.5815503776502 -122.190628051758
0 1 point 47.5806240295405 -122.190628051758
0 1 point 47.5796976650397 -122.190628051758
0 1 point 47.5778448868646 -122.190628051758
0 1 point 47.5769184731903 -122.190628051758
0 1 point 47.5759920431246 -122.190628051758
0 1 point 47.5750655966676 -122.190628051758
0 1 point 47.5741391338192 -122.190628051758
0 1 point 47.5732126545794 -122.190628051758
0 1 point 47.5722861589481 -122.190628051758
0 1 point 47.5713596469252 -122.192001342774
0 1 point 47.5704331185108 -122.192001342774
0 1 point 47.5704331185108 -122.19337463379
0 1 point 47.5695065737048 -122.19337463379
0 1 point 47.5685800125071 -122.194747924805
0 1 point 47.5676534349176 -122.196121215821
0 1 point 47.5667268409364 -122.196121215821
0 1 point 47.5658002305634 -122.196121215821
0 1 point 47.5648736037985 -122.196121215821
0 1 point 47.5639469606417 -122.196121215821
0 1 point 47.5620936251522 -122.196121215821
0 1 point 47.5611669328194 -122.196121215821
0 1 point 47.5593134989775 -122.197494506837
0 1 point 47.5583867574682 -122.197494506837
0 1 point 47.5574599995667 -122.197494506837
0 1 point 47.5565332252729 -122.197494506837
0 1 point 47.5556064345868 -122.197494506837
0 1 point 47.5546796275083 -122.197494506837
0 1 point 47.5537528040373 -122.197494506837
0 1 point 47.5528259641739 -122.197494506837
0 1 point 47.5509722352694 -122.197494506837
0 1 point 47.5500453462282 -122.197494506837
0 1 point 47.5491184407944 -122.197494506837
0 1 point 47.5481915189678 -122.197494506837
0 1 point 47.5463376261364 -122.197494506837
0 1 point 47.5454106551314 -122.197494506837
0 1 point 47.5444836677335 -122.197494506837
0 1 point 47.5435566639427 -122.197494506837
0 1 point 47.5426296437588 -122.197494506837
0 1 point 47.5417026071819 -122.197494506837
0 1 point 47.5407755542119 -122.197494506837
0 1 point 47.5398484848488 -122.197494506837
0 1 point 47.5379942969429 -122.197494506837
0 1 point 47.5370671784 -122.197494506837
0 1 point 47.5361400434639 -122.197494506837
0 1 point 47.5352128921343 -122.197494506837
0 1 point 47.5342857244113 -122.197494506837
0 1 point 47.5333585402949 -122.197494506837
0 1 point 47.5324313397849 -122.197494506837
0 1 point 47.5305768895842 -122.197494506837
0 1 point 47.5296496398934 -122.197494506837
0 1 point 47.5287223738088 -122.197494506837
0 1 point 47.5277950913305 -122.197494506837
0 1 point 47.5259404771925 -122.197494506837
0 1 point 47.5250131455327 -122.197494506837
0 1 point 47.5240857974789 -122.197494506837
0 1 point 47.5231584330311 -122.197494506837
0 1 point 47.5222310521893 -122.197494506837
0 1 point 47.5213036549535 -122.197494506837
0 1 point 47.5203762413234 -122.197494506837
0 1 point 47.5194488112993 -122.197494506837
0 1 point 47.5185213648808 -122.197494506837
0 1 point 47.5175939020682 -122.197494506837
0 1 point 47.5166664228612 -122.197494506837
0 1 point 47.5157389272598 -122.197494506837
0 1 point 47.514811415264 -122.197494506837
0 1 point 47.5138838868738 -122.197494506837
0 1 point 47.512956342089 -122.197494506837
0 1 point 47.5120287809097 -122.197494506837
0 1 point 47.5111012033359 -122.197494506837
0 1 point 47.5101736093673 -122.197494506837
0 1 point 47.5092459990041 -122.197494506837
0 1 point 47.5083183722461 -122.197494506837
0 1 point 47.5073907290934 -122.197494506837
0 1 point 47.5064630695458 -122.197494506837
0 1 point 47.5055353936034 -122.197494506837
0 1 point 47.504607701266 -122.197494506837
0 1 point 47.5036799925336 -122.198867797852
0 1 point 47.5027522674063 -122.198867797852
0 1 point 47.5027522674063 -122.200241088868
0 1 point 47.5008967679663 -122.200241088868
0 1 point 47.4999689936536 -122.200241088868
0 1 point 47.4990412029457 -122.201614379883
0 1 point 47.4971855723441 -122.201614379883
0 1 point 47.4962577324504 -122.202987670899
0 1 point 47.4953298761612 -122.202987670899
0 1 point 47.4934741143965 -122.202987670899
0 1 point 47.4925462089209 -122.204360961915
0 1 point 47.4916182870497 -122.20573425293
0 1 point 47.4897623941204 -122.207107543946
0 1 point 47.4888344230622 -122.208480834962
0 1 point 47.4879064356082 -122.208480834962
0 1 point 47.4869784317585 -122.209854125977
0 1 point 47.4860504115129 -122.209854125977
0 1 point 47.4851223748714 -122.209854125977
0 1 point 47.4851223748714 -122.211227416993
0 1 point 47.4841943218339 -122.211227416993
0 1 point 47.4841943218339 -122.212600708008
0 1 point 47.4925462089209 -122.216720581055
0 1 point 47.4981133958426 -122.219467163087
0 1 point 47.4990412029457 -122.219467163087
0 1 point 47.4962577324504 -122.219467163087
0 1 point 47.4934741143965 -122.219467163087
0 1 point 47.4916182870497 -122.218093872071
0 1 point 47.4897623941204 -122.21534729004
0 1 point 47.4888344230622 -122.21534729004
0 1 point 47.4879064356082 -122.21534729004
0 1 point 47.4860504115129 -122.21534729004
0 1 point 47.482338166571 -122.21534729004
0 1 point 47.4776974914815 -122.21534729004
0 1 point 47.4721281402952 -122.21534729004
0 1 point 47.4693432433487 -122.21534729004
0 1 point 47.4674865634008 -122.216720581055
0 1 point 47.4665581988317 -122.216720581055
0 1 point 47.4647014205027 -122.216720581055
0 1 point 47.4637730067429 -122.216720581055
0 1 point 47.462844576586 -122.216720581055
0 1 point 47.4619161300321 -122.216720581055
0 1 point 47.4600591877329 -122.216720581055
0 1 point 47.4591306919876 -122.216720581055
0 1 point 47.458202179845 -122.216720581055
0 1 point 47.4563451063679 -122.216720581055
0 1 point 47.4554165450334 -122.216720581055
0 1 point 47.4544879673015 -122.216720581055
0 1 point 47.453559373172 -122.216720581055
0 1 point 47.4526307626451 -122.216720581055
0 1 point 47.4517021357206 -122.216720581055
0 1 point 47.4507734923986 -122.216720581055
0 1 point 47.4489161565615 -122.216720581055
0 1 point 47.4479874640463 -122.216720581055
0 1 point 47.4461300298227 -122.216720581055
0 1 point 47.4452012881141 -122.216720581055
0 1 point 47.4442725300076 -122.216720581055
0 1 point 47.4433437555031 -122.216720581055
0 1 point 47.4424149646006 -122.216720581055
0 1 point 47.4405573336014 -122.216720581055
0 1 point 47.4396284935047 -122.216720581055
0 1 point 47.4386996370097 -122.216720581055
0 1 point 47.4377707641165 -122.216720581055
0 1 point 47.436841874825 -122.216720581055
0 1 point 47.4349840470471 -122.216720581055
0 1 point 47.4340551085605 -122.216720581055
0 1 point 47.4331261536754 -122.216720581055
0 1 point 47.4321971823919 -122.216720581055
0 1 point 47.4294101701498 -122.216720581055
0 1 point 47.4284811332718 -122.218093872071
0 1 point 47.4266230103195 -122.219467163087
0 1 point 47.4247648217719 -122.220840454102
0 1 point 47.4238357028998 -122.222213745118
0 1 point 47.4229065676287 -122.223587036133
0 1 point 47.4219774159586 -122.223587036133
0 1 point 47.4210482478895 -122.226333618165
0 1 point 47.4201190634213 -122.22770690918
0 1 point 47.4191898625539 -122.22770690918
0 1 point 47.4173314116216 -122.229080200196
0 1 point 47.4164021615565 -122.231826782227
0 1 point 47.4154728950922 -122.231826782227
0 1 point 47.4145436122284 -122.233200073243
0 1 point 47.4136143129653 -122.233200073243
0 1 point 47.4136143129653 -122.234573364258
0 1 point 47.4136143129653 -122.235946655274
0 1 point 47.4136143129653 -122.23731994629
0 1 point 47.4126849973027 -122.23731994629
0 1 point 47.4126849973027 -122.238693237305
0 1 point 47.4117556652406 -122.238693237305
0 1 point 47.4117556652406 -122.240066528321
0 1 point 47.4098969519178 -122.240066528321
0 1 point 47.408967570657 -122.240066528321
0 1 point 47.4071087589362 -122.241439819337
0 1 point 47.4061793284762 -122.241439819337
0 1 point 47.4043204183567 -122.242813110352
0 1 point 47.4033909386971 -122.242813110352
0 1 point 47.4024614426376 -122.244186401368
0 1 point 47.4015319301781 -122.245559692383
0 1 point 47.4006024013186 -122.245559692383
0 1 point 47.3987432943992 -122.245559692383
0 1 point 47.3978137163393 -122.245559692383
0 1 point 47.3968841218792 -122.245559692383
0 1 point 47.3959545110188 -122.245559692383
0 1 point 47.3950248837581 -122.245559692383
0 1 point 47.394095240097 -122.245559692383
0 1 point 47.3931655800356 -122.245559692383
0 1 point 47.3913062107114 -122.245559692383
0 1 point 47.3903765014485 -122.245559692383
0 1 point 47.3894467757851 -122.245559692383
0 1 point 47.388517033721 -122.245559692383
0 1 point 47.3866575003909 -122.246932983399
0 1 point 47.3857277091247 -122.246932983399
0 1 point 47.3847979014578 -122.246932983399
0 1 point 47.38386807739 -122.246932983399
0 1 point 47.3829382369213 -122.246932983399
0 1 point 47.3820083800517 -122.246932983399
0 1 point 47.3801486171095 -122.246932983399
0 1 point 47.3792187110369 -122.246932983399
0 1 point 47.3782887885631 -122.246932983399
0 1 point 47.3764288944121 -122.246932983399
0 1 point 47.3745689346562 -122.246932983399
0 1 point 47.372708909295 -122.246932983399
0 1 point 47.3708488183281 -122.246932983399
0 1 point 47.3689886617552 -122.246932983399
0 1 point 47.3671284395759 -122.246932983399
0 1 point 47.36526815179 -122.246932983399
0 1 point 47.3634077983969 -122.246932983399
0 1 point 47.3606171452934 -122.246932983399
0 1 point 47.3587566278812 -122.246932983399
0 1 point 47.3568960448606 -122.246932983399
0 1 point 47.3550353962315 -122.246932983399
0 1 point 47.3531746819933 -122.246932983399
0 1 point 47.3513139021458 -122.246932983399
0 1 point 47.3494530566886 -122.246932983399
0 1 point 47.3485226093562 -122.246932983399
0 1 point 47.3475921456213 -122.246932983399
0 1 point 47.3466616654838 -122.246932983399
0 1 point 47.3457311689436 -122.246932983399
0 1 point 47.3438701266552 -122.246932983399
0 1 point 47.3429395809068 -122.246932983399
0 1 point 47.3420090187557 -122.246932983399
0 1 point 47.3410784402016 -122.246932983399
0 1 point 47.3401478452447 -122.246932983399
0 1 point 47.3392172338848 -122.246932983399
0 1 point 47.3382866061219 -122.246932983399
0 1 point 47.336425301387 -122.246932983399
0 1 point 47.3345639310396 -122.246932983399
0 1 point 47.3327024950793 -122.246932983399
0 1 point 47.3317717524942 -122.246932983399
0 1 point 47.3308409935058 -122.246932983399
0 1 point 47.3280486181202 -122.246932983399