Object_Id  Timestamp Type Lat Lng 

0 0 newpoint 47.5743185 -122.2057696
1 0 newpoint 47.5960472 -122.3239796
2 0 newpoint 47.4333571 -122.2765572
3 0 newpoint 47.5976404 -121.9717061
4 0 newpoint 47.6236499 -122.2919697
5 0 newpoint 47.5196569 -122.2763619
6 0 newpoint 47.650415 -122.378946
7 0 newpoint 47.6157433 -122.1492064
8 0 newpoint 47.6782313 -122.1428073
9 0 newpoint 47.403758 -122.191893
10 0 newpoint 47.5357916 -122.3855516
11 0 newpoint 47.5589674 -122.0249954
12 0 newpoint 47.628101 -122.1397733
13 0 newpoint 47.586963 -122.0848815
14 0 newpoint 47.4428881 -122.1240386
15 0 newpoint 47.5836004 -122.3554573
16 0 newpoint 47.6275546 -122.1422241
17 0 newpoint 47.4628208 -122.2885133
18 0 newpoint 47.5749912 -122.1352117
19 0 newpoint 47.488951 -122.15214
20 0 newpoint 47.6900348 -122.0925048
21 0 newpoint 47.5575856 -122.3801293
22 0 newpoint 47.6430548 -122.1143638
23 0 newpoint 47.493771 -122.0494826
24 0 newpoint 47.4796592 -122.1250673
25 0 newpoint 47.5699544 -122.2910477
26 0 newpoint 47.6583976 -122.3964991
27 0 newpoint 47.5427564 -122.3918687
28 0 newpoint 47.6091298 -121.9807754
29 0 newpoint 47.6008668 -122.2920432
30 0 newpoint 47.4266737 -122.2414679
31 0 newpoint 47.6093798 -122.1746422
32 0 newpoint 47.4801043 -122.2721065
33 0 newpoint 47.5700313 -122.3262426
34 0 newpoint 47.7092347 -122.0904358
35 0 newpoint 47.3970549 -122.3288507
36 0 newpoint 47.5469144 -122.0964348
37 0 newpoint 47.6245532 -122.2268876
38 0 newpoint 47.4450114 -122.1588405
39 0 newpoint 47.569127 -122.041499
40 0 newpoint 47.5622434 -122.1495824
41 0 newpoint 47.5927212 -122.240481
42 0 newpoint 47.4172394 -122.3276173
43 0 newpoint 47.5236995 -122.0539662
44 0 newpoint 47.6592054 -122.3386063
45 0 newpoint 47.440158 -122.172027
46 0 newpoint 47.5870099 -121.9855758
47 0 newpoint 47.6327773 -122.1807675
48 0 newpoint 47.5497155 -122.2640387
49 0 newpoint 47.6121764 -122.137017
0 1 point 47.5741131 -122.2057317
1 1 point 47.5960512 -122.3237642
2 1 point 47.4333858 -122.2763775
3 1 point 47.5978681 -121.9715428
4 1 point 47.6236454 -122.2911578
5 1 point 47.5190635 -122.2763929
6 1 point 47.6503264 -122.3788789
7 1 point 47.6160032 -122.1492239
8 1 point 47.6785294 -122.1431192
9 1 point 47.403757 -122.190142
10 1 point 47.5357994 -122.3866159
11 1 point 47.5589621 -122.0244144
12 1 point 47.628198 -122.1397938
13 1 point 47.5870206 -122.0842439
14 1 point 47.442772 -122.1252403
15 1 point 47.5835376 -122.3553569
16 1 point 47.6274852 -122.1422498
17 1 point 47.4627522 -122.2869549
18 1 point 47.5752135 -122.1355134
19 1 point 47.488971 -122.152194
20 1 point 47.690017 -122.0918861
21 1 point 47.5576262 -122.3801722
22 1 point 47.6429346 -122.1143371
23 1 point 47.4936064 -122.048974
24 1 point 47.4796225 -122.1250287
25 1 point 47.5698096 -122.2907554
26 1 point 47.6583984 -122.3949802
27 1 point 47.5428838 -122.3920404
28 1 point 47.6092961 -121.9808183
29 1 point 47.6008658 -122.2913965
30 1 point 47.4266809 -122.2426846
31 1 point 47.6082952 -122.1749807
32 1 point 47.4803131 -122.2720634
33 1 disappearpoint 47.5697741 -122.325628
34 1 point 47.7093723 -122.0905862
35 1 point 47.3970452 -122.328844
36 1 point 47.5469626 -122.0966389
37 1 point 47.6256137 -122.2270381
38 1 point 47.4450114 -122.1593555
39 1 point 47.569051 -122.041407
40 1 point 47.5623108 -122.1496481
41 1 point 47.5925096 -122.2408363
42 1 point 47.4172606 -122.3275768
43 1 point 47.523883 -122.0536371
44 1 point 47.6592039 -122.3386143
45 1 disappearpoint 47.440971 -122.17019
46 1 point 47.5869842 -121.9855044
47 1 point 47.6327988 -122.1805317
48 1 point 47.5497072 -122.263817
49 1 point 47.6114354 -122.1361181
0 2 point 47.5739548 -122.2056886
1 2 point 47.5958282 -122.3237696
2 2 point 47.4323858 -122.2764587
3 2 point 47.5981508 -121.9714502
4 2 point 47.622488 -122.2911798
5 2 point 47.5190611 -122.2761468
6 2 point 47.6484667 -122.3788803
7 2 point 47.6161993 -122.1495394
8 2 disappearpoint 47.6789007 -122.142723
9 2 disappearpoint 47.404036 -122.190142
10 2 point 47.5358043 -122.3872892
11 2 point 47.558972 -122.024278
12 2 point 47.6289524 -122.1397428
13 2 point 47.5870083 -122.0836513
14 2 point 47.4424585 -122.1251029
15 2 point 47.5836082 -122.3552741
16 2 point 47.6274215 -122.1422412
17 2 point 47.4626597 -122.2855877
18 2 point 47.5753225 -122.135749
19 2 point 47.489008 -122.152241
20 2 point 47.690368 -122.0918986
21 2 point 47.5576899 -122.3801894
22 2 point 47.6427503 -122.1143371
23 2 point 47.4936079 -122.0484076
24 2 point 47.4795543 -122.1250445
25 2 point 47.5697434 -122.2906372
26 2 point 47.657684 -122.3949547
27 2 point 47.5429418 -122.3921691
28 2 point 47.609448 -121.9808827
29 2 point 47.6008649 -122.2913217
30 2 point 47.4266853 -122.2433991
31 2 point 47.6082315 -122.1749721
32 2 point 47.4805641 -122.271997
34 2 point 47.7094532 -122.0906932
35 2 point 47.3970378 -122.3288354
36 2 point 47.5469694 -122.0969061
37 2 point 47.6258318 -122.2269456
38 2 point 47.4449211 -122.1601068
39 2 disappearpoint 47.569272 -122.041416
40 2 point 47.5623693 -122.1496429
41 2 point 47.5924507 -122.2409455
42 2 point 47.417286 -122.3275371
43 2 point 47.5250826 -122.0519781
44 2 point 47.6592017 -122.3386219
46 2 point 47.5869755 -121.985349
47 2 point 47.6327741 -122.1802934
48 2 point 47.5496614 -122.2635583
49 2 point 47.611051 -122.1356948
0 3 point 47.5734145 -122.2055414
1 3 point 47.5955294 -122.3237724
2 3 point 47.4313148 -122.2765457
3 3 point 47.5989366 -121.9714611
4 3 point 47.6224908 -122.291114
5 3 disappearpoint 47.5177803 -122.2751927
6 3 point 47.6474757 -122.3788348
7 3 point 47.6166096 -122.1495467
10 3 point 47.5350915 -122.3873322
11 3 point 47.5590263 -122.0242122
12 3 point 47.6293979 -122.1397441
13 3 point 47.5870253 -122.0830263
14 3 point 47.4421508 -122.1250257
15 3 point 47.5836753 -122.3552054
16 3 disappearpoint 47.6274228 -122.1419797
17 3 point 47.4626584 -122.2851811
18 3 point 47.5754459 -122.1360724
19 3 point 47.489047 -122.152258
20 3 point 47.6904556 -122.0919209
21 3 point 47.5589952 -122.3801635
22 3 point 47.6425045 -122.1143291
23 3 point 47.4935401 -122.0482682
24 3 point 47.4795234 -122.1251238
25 3 point 47.5694977 -122.2903851
26 3 point 47.6576831 -122.3947562
27 3 point 47.5429244 -122.3922635
28 3 point 47.609592 -121.9810404
29 3 point 47.6008663 -122.2903187
30 3 point 47.4266762 -122.2443047
31 3 point 47.608199 -122.1748916
32 3 point 47.4808101 -122.2719611
34 3 disappearpoint 47.7097801 -122.0910427
35 3 point 47.3970318 -122.328824
36 3 point 47.5469806 -122.0971772
37 3 disappearpoint 47.626069 -122.2272374
38 3 point 47.4449791 -122.1606647
40 3 point 47.5624117 -122.1496039
41 3 point 47.592212 -122.2406452
42 3 point 47.417337 -122.3275198
43 3 point 47.5253647 -122.0524119
44 3 point 47.6591989 -122.338629
46 3 point 47.5868906 -121.98497
47 3 point 47.632729 -122.1800792
48 3 point 47.5495294 -122.2632398
49 3 point 47.6108973 -122.1356208
0 4 point 47.5732777 -122.2055298
1 4 point 47.5949936 -122.3237687
2 4 point 47.4307275 -122.2766407
3 4 point 47.6003614 -121.9714447
4 4 point 47.622512 -122.2906189
6 4 point 47.6474708 -122.378933
7 4 point 47.6170217 -122.1495498
10 4 point 47.5351033 -122.3879346
11 4 point 47.5600219 -122.0247915
12 4 point 47.6293979 -122.1394866
13 4 point 47.5876696 -122.0835969
14 4 point 47.4417561 -122.1250257
15 4 point 47.5838483 -122.3550483
17 4 point 47.4626825 -122.2848474
18 4 point 47.5753301 -122.1367334
19 4 point 47.489376 -122.152258
20 4 point 47.6910264 -122.0920663
21 4 point 47.5599451 -122.3801721
22 4 point 47.6423021 -122.1143344
23 4 point 47.4934727 -122.0481297
24 4 point 47.4795381 -122.1252028
25 4 point 47.5686198 -122.2897068
26 4 point 47.6576689 -122.3928878
27 4 point 47.5428664 -122.3923579
28 4 point 47.6097446 -121.9811831
29 4 point 47.6008142 -122.290147
30 4 point 47.4271337 -122.244294
31 4 point 47.6082008 -122.1747817
32 4 point 47.4815417 -122.2717192
35 4 point 47.3970277 -122.3288112
36 4 point 47.54702 -122.0973159
38 4 point 47.4451649 -122.1610596
40 4 point 47.5624397 -122.1495352
41 4 point 47.5917061 -122.2400087
42 4 point 47.4185225 -122.3275001
43 4 disappearpoint 47.5267464 -122.0519244
44 4 point 47.6591955 -122.3386356
46 4 point 47.5868201 -121.9843695
47 4 point 47.6325998 -122.1796533
48 4 point 47.5493372 -122.262967
49 4 point 47.6102798 -122.1355835
0 5 point 47.573236 -122.2055262
1 5 point 47.5950005 -122.3244258
2 5 point 47.4305673 -122.2766624
3 5 disappearpoint 47.6006001 -121.9715046
4 5 disappearpoint 47.6215293 -122.2906228
6 5 point 47.6474639 -122.3790184
7 5 point 47.6171328 -122.1495563
10 5 point 47.5351144 -122.3884751
11 5 point 47.5602979 -122.0249334
12 5 point 47.6293393 -122.1394445
13 5 point 47.5878516 -122.0829759
14 5 point 47.4414252 -122.1250085
15 5 point 47.5839761 -122.3548865
17 5 point 47.462739 -122.2844302
18 5 point 47.5753207 -122.1375391
19 5 point 47.489374 -122.151815
20 5 point 47.691102 -122.0921098
21 5 point 47.560418 -122.3801722
22 5 point 47.6421214 -122.1143448
23 5 point 47.4932653 -122.0480578
24 5 point 47.4795756 -122.1252424
25 5 point 47.5687676 -122.2892828
26 5 point 47.6576641 -122.3922523
27 5 point 47.5428143 -122.3924094
28 5 point 47.6098885 -121.9813194
29 5 point 47.6007216 -122.2899067
30 5 point 47.4278421 -122.2442511
31 5 point 47.6082387 -122.1746958
32 5 point 47.4824408 -122.2713244
35 5 point 47.3970248 -122.3287951
36 5 point 47.547078 -122.0974448
38 5 point 47.4453622 -122.1613085
40 5 point 47.5624425 -122.1494568
41 5 point 47.5919769 -122.2397058
42 5 point 47.4185319 -122.3286226
44 5 point 47.6591916 -122.3386415
46 5 point 47.5868412 -121.9828933
47 5 point 47.6331174 -122.1793749
48 5 point 47.5492374 -122.2627761
49 5 point 47.6102735 -122.1344634
0 6 point 47.5730248 -122.2055555
1 6 point 47.5949969 -122.3250702
2 6 point 47.4304187 -122.2766632
6 6 point 47.6474409 -122.3790936
7 6 point 47.6171303 -122.1493761
10 6 point 47.5351181 -122.3885269
11 6 point 47.5606309 -122.0250728
12 6 point 47.6289814 -122.1394608
13 6 point 47.5878556 -122.0825709
14 6 point 47.4414136 -122.1246051
15 6 point 47.5841195 -122.3546139
17 6 point 47.4628315 -122.2839892
18 6 point 47.5752595 -122.1378853
19 6 point 47.489361 -122.151754
20 6 point 47.6921299 -122.0927015
21 6 point 47.5604701 -122.3801636
22 6 point 47.6419606 -122.1143613
23 6 point 47.4930091 -122.0482836
24 6 point 47.4796266 -122.12524
25 6 point 47.5686112 -122.2892828
26 6 point 47.6594397 -122.3921824
27 6 point 47.54271 -122.3924867
28 6 point 47.6100187 -121.9815125
29 6 point 47.6006981 -122.2898718
30 6 point 47.4281673 -122.2442081
31 6 point 47.6092568 -122.1743847
32 6 point 47.4829343 -122.2710844
35 6 point 47.3970224 -122.3287752
36 6 point 47.5472363 -122.0975692
38 6 point 47.4456789 -122.1615356
40 6 point 47.5624185 -122.1493819
41 6 point 47.5920644 -122.2396241
42 6 point 47.4172524 -122.3286101
44 6 point 47.6591873 -122.3386467
46 6 point 47.5868623 -121.9825684
47 6 point 47.6333383 -122.1793675
48 6 point 47.5492106 -122.2625276
49 6 point 47.6119488 -122.134571
0 7 point 47.5727981 -122.205631
1 7 point 47.5946107 -122.3250797
2 7 point 47.4302216 -122.2766487
6 7 point 47.6474267 -122.3791222
7 7 point 47.6171155 -122.1483289
10 7 point 47.5351723 -122.3884753
11 7 point 47.5609169 -122.0251265
12 7 point 47.6289656 -122.1394889
13 7 disappearpoint 47.5877616 -122.0823849
14 7 point 47.4406589 -122.1245879
15 7 point 47.5841281 -122.3545894
17 7 point 47.462931 -122.2835423
18 7 point 47.5751408 -122.138152
19 7 point 47.489326 -122.151697
20 7 point 47.6928074 -122.0929048
21 7 point 47.5605396 -122.3801207
22 7 point 47.6416353 -122.1144444
23 7 point 47.4925444 -122.0485653
24 7 point 47.4796666 -122.125186
25 7 point 47.5686112 -122.2883902
26 7 point 47.6603178 -122.3921298
27 7 point 47.5422117 -122.3927184
28 7 point 47.610193 -121.9818483
29 7 point 47.6006579 -122.2897951
30 7 point 47.4285969 -122.2441588
31 7 point 47.6093906 -122.1745108
32 7 point 47.48309 -122.2709841
35 7 point 47.3970205 -122.3287536
36 7 point 47.5474022 -122.0976158
38 7 point 47.4468108 -122.1616128
40 7 point 47.5623741 -122.1493346
41 7 point 47.5921533 -122.2397313
42 7 point 47.4172642 -122.3297355
44 7 point 47.6591825 -122.338651
46 7 disappearpoint 47.5869265 -121.982112
47 7 point 47.6336225 -122.1794069
48 7 point 47.5493039 -122.261612
49 7 point 47.6121934 -122.1348411
0 8 point 47.572636 -122.2057512
1 8 point 47.5943502 -122.3251871
2 8 point 47.4297663 -122.2765793
6 8 point 47.6474011 -122.3791483
7 8 point 47.6170865 -122.1460887
10 8 point 47.5352361 -122.3884839
11 8 point 47.5612798 -122.0250784
12 8 point 47.6289525 -122.1395123
14 8 point 47.4406473 -122.1252231
15 8 point 47.5842379 -122.3542765
17 8 point 47.4630021 -122.2833398
18 8 point 47.5749708 -122.1384639
19 8 point 47.489294 -122.151667
20 8 point 47.6927918 -122.0930902
21 8 point 47.5606207 -122.3800692
22 8 point 47.6412702 -122.1144766
23 8 point 47.4920554 -122.0488769
24 8 point 47.4796723 -122.1251072
25 8 point 47.5687676 -122.2883902
26 8 point 47.6606361 -122.3927504
27 8 point 47.5421827 -122.3927785
28 8 point 47.6102581 -121.98202
29 8 point 47.6005537 -122.2895805
30 8 point 47.4294938 -122.2441414
31 8 point 47.6094348 -122.1745387
32 8 point 47.4832261 -122.2708981
35 8 point 47.3970198 -122.3287332
36 8 point 47.5475837 -122.0976229
38 8 point 47.4467555 -122.1621425
40 8 point 47.5623139 -122.149326
41 8 point 47.5922699 -122.2397608
42 8 point 47.4160331 -122.3297274
44 8 point 47.6591774 -122.3386543
47 8 point 47.6339118 -122.1795936
48 8 point 47.5493122 -122.261224
49 8 point 47.6123048 -122.1353054
0 9 point 47.5725028 -122.2058799
1 9 point 47.5941408 -122.32504
2 9 disappearpoint 47.429823 -122.2791434
6 9 point 47.647368 -122.3791642
7 9 point 47.6169968 -122.1460892
10 9 point 47.5358329 -122.3885183
11 9 point 47.5615142 -122.0242145
12 9 point 47.6289524 -122.1397428
14 9 disappearpoint 47.4401597 -122.1252317
15 9 point 47.584291 -122.3540101
17 9 point 47.4630859 -122.2831282
18 9 point 47.5747695 -122.1382427
19 9 point 47.489249 -122.151654
20 9 point 47.692842 -122.0933919
21 9 point 47.5604933 -122.3800263
22 9 point 47.6413028 -122.1141306
23 9 point 47.49154 -122.0493495
24 9 point 47.4796592 -122.1250673
25 9 point 47.5688023 -122.2883902
26 9 point 47.6605232 -122.3928524
27 9 point 47.5422001 -122.3928472
28 9 point 47.6102943 -121.9823204
29 9 point 47.6005246 -122.2895588
30 9 point 47.4295374 -122.2468746
31 9 point 47.6095004 -122.1746102
32 9 point 47.4834319 -122.2707404
35 9 point 47.3970256 -122.3283825
36 9 point 47.5484066 -122.0976183
38 9 point 47.4466278 -122.1628205
40 9 point 47.5622568 -122.1493693
41 9 point 47.5923341 -122.2397903
42 9 point 47.4160293 -122.3286167
44 9 point 47.659172 -122.3386567
47 9 point 47.6342314 -122.1800182
48 9 point 47.5492873 -122.2608606
49 9 point 47.6123018 -122.1370912
0 10 point 47.5723696 -122.2060602
1 10 point 47.5934716 -122.3245994
6 10 point 47.6473429 -122.379176
7 10 point 47.6164618 -122.1460634
10 10 point 47.5369513 -122.3886384
11 10 point 47.5614961 -122.0244184
12 10 point 47.6293979 -122.1397441
15 10 point 47.5843205 -122.3538398
17 10 point 47.4631626 -122.282915
18 10 point 47.5746661 -122.1381293
19 10 point 47.489089 -122.151644
20 10 point 47.6929316 -122.093611
21 10 point 47.5604237 -122.3800177
22 10 point 47.6413552 -122.1137926
23 10 point 47.4913544 -122.0498967
24 10 point 47.4796225 -122.1250287
25 10 point 47.5689359 -122.2884397
26 10 point 47.6594475 -122.3928524
27 10 point 47.5422407 -122.3928987
28 10 point 47.6103008 -121.9825532
29 10 point 47.6004553 -122.289529
30 10 point 47.4287306 -122.2469043
31 10 point 47.6097562 -122.174889
32 10 point 47.483825 -122.2703889
35 10 point 47.3970341 -122.3281151
36 10 point 47.5483815 -122.0969786
38 10 point 47.4464943 -122.1633098
40 10 point 47.5622232 -122.1494981
41 10 point 47.5923586 -122.2398345
42 10 point 47.4172524 -122.3286101
44 10 point 47.6591666 -122.3386581
47 10 point 47.6343117 -122.1800883
48 10 point 47.5492566 -122.2605777
49 10 point 47.6121764 -122.137017
0 11 point 47.571915 -122.206951
1 11 point 47.5933627 -122.324482
6 11 point 47.6473189 -122.3791926
7 11 point 47.6165079 -122.1467424
10 11 point 47.536986 -122.3886384
11 11 point 47.5614708 -122.024633
12 11 point 47.6293979 -122.1394866
15 11 point 47.5845715 -122.3522014
17 11 point 47.4632473 -122.2826736
18 11 point 47.574536 -122.1380385
19 11 point 47.489119 -122.151528
20 11 point 47.6930565 -122.0938111
21 11 point 47.5592444 -122.3800116
22 11 point 47.6414362 -122.1133942
23 11 point 47.4912906 -122.0510039
24 11 point 47.4795543 -122.1250445
25 11 point 47.569034 -122.2884674
26 11 point 47.6594397 -122.3921824
27 11 point 47.5425941 -122.3931304
28 11 point 47.61041 -121.9830285
29 11 point 47.6003627 -122.2894775
30 11 point 47.4287475 -122.2493032
31 11 point 47.6097936 -122.1748928
32 11 point 47.4840731 -122.2701326
35 11 point 47.3970419 -122.3278716
36 11 point 47.5484095 -122.0960899
38 11 point 47.4457803 -122.1660735
40 11 point 47.5622434 -122.1495824
41 11 point 47.5923568 -122.2398721
42 11 point 47.4172642 -122.3297355
44 11 point 47.659163 -122.3386584
47 11 point 47.6354321 -122.180247
48 11 point 47.5491217 -122.2604197
49 11 point 47.6114354 -122.1361181
0 12 point 47.5719956 -122.2070363
1 12 point 47.5932984 -122.3243977
6 12 point 47.6472984 -122.3792095
7 12 point 47.6165364 -122.1471884
10 12 point 47.5370614 -122.3886041
11 12 point 47.5614816 -122.0247724
12 12 point 47.6293393 -122.1394445
15 12 point 47.5847117 -122.3513211
17 12 point 47.4634072 -122.2823254
18 12 point 47.574314 -122.1379477
19 12 point 47.489115 -122.151165
20 12 point 47.6932998 -122.0940893
21 12 point 47.5576745 -122.3800433
22 12 point 47.6414961 -122.1132025
23 12 point 47.4909854 -122.0518252
24 12 point 47.4795234 -122.1251238
25 12 point 47.5691266 -122.2884674
26 12 point 47.6594354 -122.391624
27 12 point 47.5426868 -122.3931991
28 12 point 47.6104606 -121.9832431
29 12 point 47.6001602 -122.2895548
30 12 point 47.4296176 -122.2492871
31 12 point 47.609737 -122.175059
32 12 point 47.4842562 -122.2699268
35 12 point 47.3978104 -122.327879
36 12 point 47.5484158 -122.0947657
38 12 point 47.44567 -122.1667087
40 12 point 47.5623108 -122.1496481
41 12 point 47.5923336 -122.2399217
42 12 point 47.4160331 -122.3297274
44 12 point 47.6591661 -122.339677
47 12 point 47.6367982 -122.1803029
48 12 point 47.5489702 -122.2603776
49 12 point 47.611051 -122.1356948
0 13 point 47.5721251 -122.2071015
1 13 point 47.5932673 -122.3243361
6 13 point 47.6472774 -122.3792371
7 13 point 47.616553 -122.1476498
10 13 point 47.5371367 -122.3885612
11 13 point 47.5615106 -122.0248797
12 13 point 47.6289814 -122.1394608
15 13 point 47.5847645 -122.3508715
17 13 point 47.46358 -122.2820003
18 13 point 47.5736497 -122.1378219
19 13 point 47.48908 -122.151039
20 13 point 47.6934611 -122.0943193
21 13 point 47.5576262 -122.3800692
22 13 point 47.6415919 -122.1132213
23 13 point 47.4909042 -122.0524325
24 13 point 47.4795381 -122.1252028
25 13 point 47.5691266 -122.2895746
26 13 point 47.6594462 -122.3910826
27 13 point 47.5427216 -122.3932849
28 13 point 47.6104968 -121.9834362
29 13 point 47.6000213 -122.2895891
30 13 point 47.430355 -122.2492528
31 13 point 47.6097365 -122.1752509
32 13 point 47.4854797 -122.2685915
35 13 point 47.3978539 -122.3278197
36 13 point 47.5484376 -122.0944372
38 13 point 47.4456584 -122.1672322
40 13 point 47.5623693 -122.1496429
41 13 point 47.5923007 -122.2399324
42 13 point 47.4160409 -122.330855
44 13 point 47.6591691 -122.3406727
47 13 disappearpoint 47.6386121 -122.180257
48 13 point 47.5489155 -122.2604926
49 13 point 47.6108973 -122.1356208
0 14 point 47.5722346 -122.2070864
1 14 point 47.5932463 -122.324276
6 14 point 47.6472291 -122.3793054
7 14 point 47.6162436 -122.147681
10 14 point 47.5372178 -122.3885268
11 14 point 47.5615576 -122.0249602
12 14 point 47.6289656 -122.1394889
15 14 point 47.5846243 -122.3505198
17 14 point 47.4639133 -122.2814687
18 14 point 47.5728864 -122.1378063
19 14 point 47.489047 -122.15116
20 14 point 47.6936055 -122.0946594
21 14 point 47.5575856 -122.3801293
22 14 disappearpoint 47.6419707 -122.1132483
23 14 point 47.491005 -122.0528171
24 14 point 47.4795756 -122.1252424
25 14 point 47.5690745 -122.2897291
26 14 point 47.65942 -122.39104
27 14 point 47.543009 -122.3930849
28 14 point 47.6106125 -121.9836937
29 14 point 47.5998824 -122.2896235
30 14 point 47.4306105 -122.249227
31 14 point 47.6097332 -122.1766808
32 14 point 47.4861037 -122.2677922
35 14 point 47.3978753 -122.3271032
36 14 point 47.5484039 -122.0941049
38 14 point 47.4456759 -122.1676442
40 14 point 47.5624117 -122.1496039
41 14 point 47.5922717 -122.2399351
42 14 point 47.4147672 -122.3307807
44 14 point 47.6591744 -122.3406733
48 14 point 47.5483561 -122.2613472
49 14 point 47.6102798 -122.1355835
0 15 point 47.572337 -122.2070245
1 15 point 47.5932235 -122.3241877
6 15 point 47.64719 -122.3793601
7 15 point 47.6161261 -122.1476375
10 15 point 47.5373047 -122.3885097
11 15 point 47.5616228 -122.0250192
12 15 point 47.6289525 -122.1395123
15 15 point 47.5846699 -122.3503076
17 15 point 47.4643198 -122.280867
18 15 point 47.5725798 -122.1378058
19 15 point 47.489048 -122.151541
20 15 point 47.6937375 -122.0950851
21 15 point 47.5576262 -122.3801722
23 15 point 47.4912504 -122.0532468
24 15 point 47.4796266 -122.12524
25 15 point 47.5689413 -122.2896176
26 15 point 47.6599144 -122.3915032
27 15 point 47.5430844 -122.393091
28 15 point 47.6106776 -121.9838117
29 15 point 47.5996798 -122.289675
30 15 point 47.4312356 -122.2490806
31 15 point 47.6098153 -122.1767451
32 15 point 47.4858076 -122.2682926
35 15 point 47.3985791 -122.3271156
36 15 point 47.5483806 -122.0923472
38 15 point 47.4458526 -122.1687852
40 15 point 47.5624397 -122.1495352
41 15 point 47.5922184 -122.2398694
42 15 point 47.4135243 -122.3307201
44 15 point 47.65918 -122.340675
48 15 point 47.5480652 -122.2620414
49 15 point 47.6102735 -122.1344634
0 16 point 47.5724111 -122.2069444
1 16 point 47.5931645 -122.323952
6 16 point 47.6471748 -122.3793798
7 16 point 47.6158004 -122.1476256
10 16 point 47.5374264 -122.3885183
11 16 point 47.5613839 -122.0250568
12 16 point 47.6289524 -122.1397428
15 16 point 47.5846943 -122.3499105
17 16 point 47.4648594 -122.2799693
18 16 point 47.5723693 -122.1379136
19 16 point 47.489089 -122.151644
20 16 point 47.6937937 -122.0954855
21 16 point 47.5576899 -122.3801894
23 16 point 47.4912351 -122.0535392
24 16 point 47.4796666 -122.125186
25 16 point 47.5689413 -122.2892828
26 16 point 47.6603178 -122.3921298
27 16 point 47.5431445 -122.3931454
28 16 point 47.6108071 -121.9839587
29 16 point 47.5995664 -122.289689
30 16 point 47.4324349 -122.248723
31 16 point 47.6094991 -122.1767581
32 16 point 47.4849204 -122.2695763
35 16 point 47.3991302 -122.3271272
36 16 point 47.5483871 -122.0909406
38 16 point 47.4460674 -122.170064
40 16 point 47.5624425 -122.1494568
41 16 point 47.5921949 -122.2398225
42 16 point 47.4135422 -122.3296073
44 16 point 47.6591854 -122.3406776
48 16 point 47.5485764 -122.262074
49 16 point 47.6102655 -122.1336668
0 17 point 47.572454 -122.2068859
1 17 point 47.5930257 -122.3233745
6 17 point 47.6471363 -122.3794066
7 17 point 47.6157255 -122.1475391
10 17 point 47.5375191 -122.3885183
11 17 point 47.5613694 -122.0253089
12 17 point 47.628198 -122.1397938
15 17 point 47.5848526 -122.3496984
17 17 point 47.4650857 -122.2795487
18 17 point 47.5722698 -122.1381009
19 17 point 47.489038 -122.151651
20 17 point 47.6938253 -122.0958098
21 17 point 47.5589952 -122.3801635
23 17 point 47.4910028 -122.0535477
24 17 point 47.4796723 -122.1251072
25 17 point 47.5687676 -122.2892828
26 17 point 47.6594397 -122.3921824
27 17 point 47.5431723 -122.3932794
28 17 point 47.6108946 -121.9841014
29 17 point 47.5994051 -122.2896246
30 17 point 47.4324187 -122.249016
31 17 point 47.6093854 -122.1767628
32 17 point 47.4846997 -122.2700522
35 17 point 47.4003827 -122.3272143
36 17 point 47.5483574 -122.0907663
38 17 point 47.448661 -122.1699916
40 17 point 47.5624185 -122.1493819
41 17 point 47.5921734 -122.2397777
42 17 point 47.4135693 -122.3284748
44 17 point 47.6591906 -122.3406812
48 17 point 47.5492106 -122.2625276
49 17 point 47.6103272 -122.1334533
0 18 point 47.5725693 -122.206731
1 18 point 47.5929804 -122.3232044
6 18 point 47.647091 -122.3794216
7 18 point 47.615714 -122.1456695
10 18 point 47.5376118 -122.3884839
11 18 point 47.5613585 -122.0254591
12 18 point 47.628101 -122.1397733
15 18 point 47.5851418 -122.3496713
17 18 point 47.4653236 -122.2789737
18 18 point 47.5722287 -122.1383228
19 18 point 47.489012 -122.151667
20 18 point 47.6937112 -122.0958056
21 18 point 47.5599451 -122.3801721
23 18 point 47.4907683 -122.0534115
24 18 point 47.4796592 -122.1250673
25 18 point 47.5687676 -122.2883902
26 18 point 47.6576641 -122.3922523
27 18 point 47.5431417 -122.3940838
28 18 point 47.6110096 -121.9842162
29 18 point 47.5992861 -122.2894537
30 18 point 47.4323917 -122.2492853
31 18 point 47.6092013 -122.1766955
32 18 point 47.4841289 -122.2713325
35 18 point 47.401779 -122.3273134
36 18 point 47.5483444 -122.0892255
38 18 point 47.4486824 -122.1716678
40 18 point 47.5623741 -122.1493346
41 18 point 47.5921533 -122.2397313
42 18 point 47.4147463 -122.3285625
44 18 point 47.6591954 -122.3406858
48 18 point 47.5492374 -122.2627761
49 18 point 47.6104405 -122.1333769
0 19 point 47.5726786 -122.2065773
1 19 point 47.5930375 -122.3232689
6 19 point 47.6470381 -122.3794216
7 19 disappearpoint 47.6153437 -122.1456755
10 19 point 47.5376988 -122.3884153
11 19 point 47.5613368 -122.0256254
12 19 point 47.6280858 -122.1395593
15 19 point 47.5865603 -122.3496713
17 19 point 47.4655267 -122.2782956
18 19 point 47.5722593 -122.1401987
19 19 point 47.488972 -122.151708
20 19 point 47.6933109 -122.0958127
21 19 point 47.560418 -122.3801722
23 19 point 47.4900205 -122.0528504
24 19 point 47.4796225 -122.1250287
25 19 point 47.5688023 -122.2883902
26 19 point 47.6566968 -122.3922599
27 19 point 47.5431619 -122.3942977
28 19 point 47.6111615 -121.9843342
29 19 point 47.5992134 -122.2892205
30 19 point 47.4323719 -122.2494015
31 19 point 47.6090279 -122.1766104
32 19 point 47.4843783 -122.2717617
35 19 point 47.4017479 -122.3278346
36 19 disappearpoint 47.5504035 -122.089267
38 19 point 47.4486968 -122.172802
40 19 point 47.5623139 -122.149326
41 19 point 47.5920644 -122.2396241
42 19 point 47.4160293 -122.3286167
44 19 point 47.6591998 -122.3406912
48 19 point 47.5493372 -122.262967
49 19 point 47.6119067 -122.1334149
0 20 point 47.572739 -122.206488
1 20 point 47.5930644 -122.3232977
6 20 point 47.6466007 -122.3794216
10 20 point 47.5378147 -122.3883123
11 20 point 47.561297 -122.0257649
12 20 point 47.6281232 -122.139012
15 20 point 47.586956 -122.3496397
17 20 point 47.4656311 -122.2778235
18 20 point 47.5731019 -122.1400987
19 20 point 47.488952 -122.151753
20 20 point 47.6924039 -122.0957956
21 20 point 47.5604701 -122.3801636
23 20 point 47.4893495 -122.0523118
24 20 point 47.4795543 -122.1250445
25 20 point 47.5689359 -122.2884397
26 20 disappearpoint 47.6551581 -122.3922931
27 20 point 47.5433242 -122.3941861
28 20 point 47.6112635 -121.9845305
29 20 point 47.5991603 -122.2890461
30 20 point 47.4323298 -122.2495284
31 20 point 47.6086583 -122.1762226
32 20 disappearpoint 47.4885648 -122.2663767
35 20 point 47.4017509 -122.3278979
38 20 point 47.4494745 -122.1727677
40 20 point 47.5622568 -122.1493693
41 20 point 47.5919769 -122.2397058
42 20 point 47.4172524 -122.3286101
44 20 point 47.6592036 -122.3406974
48 20 point 47.5495294 -122.2632398
49 20 point 47.6121974 -122.1334635
0 21 point 47.572845 -122.2064019
1 21 point 47.5931211 -122.3233636
6 21 disappearpoint 47.6466007 -122.3800878
10 21 point 47.5381565 -122.3880462
11 21 point 47.5612282 -122.025899
12 21 point 47.6281252 -122.13886
15 21 point 47.5873 -122.3493464
17 21 point 47.4656892 -122.2773343
18 21 disappearpoint 47.5730828 -122.1389803
19 21 point 47.488941 -122.151826
20 21 point 47.6924039 -122.096302
21 21 point 47.5605396 -122.3801207
23 21 point 47.4887605 -122.0518461
24 21 point 47.4795234 -122.1251238
25 21 point 47.5689413 -122.2892828
27 21 point 47.5434284 -122.3941346
28 21 point 47.6113423 -121.9848277
29 21 point 47.6008668 -122.2920432
30 21 point 47.4322816 -122.2496343
31 21 point 47.6086343 -122.1760603
35 21 point 47.4017583 -122.3279752
38 21 point 47.4496487 -122.1727677
40 21 point 47.5622232 -122.1494981
41 21 point 47.5917061 -122.2400087
42 21 point 47.4172642 -122.3297355
44 21 point 47.659207 -122.3407042
48 21 point 47.5496614 -122.2635583
49 21 point 47.6124826 -122.1337473
0 22 point 47.5729529 -122.20637
1 22 point 47.5931717 -122.3234234
10 22 point 47.5382145 -122.3879861
11 22 point 47.5610653 -122.026076
12 22 disappearpoint 47.6285129 -122.13886
15 22 point 47.5877322 -122.3490665
17 22 point 47.4657066 -122.2767077
19 22 point 47.488941 -122.152085
20 22 point 47.6923569 -122.0966387
21 22 point 47.5606207 -122.3800692
23 22 point 47.4882609 -122.051365
24 22 point 47.4795381 -122.1252028
25 22 point 47.5689413 -122.2896176
27 22 point 47.5435327 -122.3941003
28 22 point 47.6113937 -121.9850133
29 22 point 47.5991261 -122.2889245
30 22 point 47.4322146 -122.2497349
31 22 point 47.608661 -122.1758288
35 22 point 47.4017641 -122.3280202
38 22 point 47.4500375 -122.1729394
40 22 point 47.56219 -122.1494998
41 22 point 47.592212 -122.2406452
42 22 point 47.4185415 -122.329728
44 22 point 47.6592092 -122.3407103
48 22 point 47.5497072 -122.263817
49 22 point 47.6127455 -122.1340922
0 23 point 47.5730736 -122.2063957
1 23 point 47.5932198 -122.3234871
10 23 point 47.538255 -122.3879518
11 23 point 47.5601482 -122.0268589
15 23 point 47.587869 -122.3489509
17 23 point 47.4656892 -122.2761498
19 23 point 47.488951 -122.15214
20 23 point 47.6922472 -122.0968705
21 23 point 47.5609566 -122.3800692
23 23 point 47.4877201 -122.0508591
24 23 point 47.4795756 -122.1252424
25 23 point 47.5690745 -122.2897291
27 23 point 47.5436486 -122.3940831
28 23 point 47.6114581 -121.9853105
29 23 point 47.5991531 -122.2894969
30 23 point 47.4320845 -122.2498894
31 23 point 47.6086863 -122.1753241
35 23 point 47.4017715 -122.328058
38 23 point 47.4501768 -122.1724072
40 23 point 47.562225 -122.1482923
41 23 point 47.5924507 -122.2409455
42 23 point 47.4185494 -122.330836
44 23 point 47.6592097 -122.3407117
48 23 point 47.5497155 -122.2640387
49 23 point 47.6129149 -122.1344428
0 24 point 47.5731601 -122.2064703
1 24 point 47.5932682 -122.323568
10 24 point 47.538284 -122.3879003
11 24 point 47.5598532 -122.0272693
15 24 disappearpoint 47.5880975 -122.3486333
17 24 point 47.4656427 -122.2756606
19 24 point 47.488971 -122.152194
20 24 point 47.691889 -122.0971709
21 24 point 47.5610397 -122.3800691
23 24 point 47.4874954 -122.0501735
24 24 point 47.4796266 -122.12524
25 24 point 47.5691266 -122.2895746
27 24 point 47.5437529 -122.3940746
28 24 point 47.6115376 -121.9855787
29 24 point 47.5993624 -122.2901556
30 24 point 47.4319368 -122.2500994
31 24 point 47.6088169 -122.1753169
35 24 point 47.4017845 -122.3280981
38 24 point 47.450171 -122.1699267
40 24 point 47.5616757 -122.1479413
41 24 point 47.5927712 -122.2413486
42 24 point 47.4160409 -122.330855
44 24 point 47.6592118 -122.3407195
48 24 point 47.5496644 -122.2642461
49 24 point 47.613035 -122.1348722
0 25 point 47.5733759 -122.2066535
1 25 point 47.5933056 -122.3236202
10 25 point 47.538313 -122.3878316
11 25 point 47.5597519 -122.0276234
17 25 point 47.4655499 -122.2751714
19 25 point 47.489008 -122.152241
20 25 disappearpoint 47.6918204 -122.0974778
21 25 point 47.5622695 -122.3800852
23 25 point 47.4873804 -122.0494611
24 25 point 47.4796666 -122.125186
25 25 point 47.5691266 -122.2884674
27 25 point 47.5447697 -122.3942812
28 25 point 47.6115745 -121.9858609
29 25 point 47.5993782 -122.2902052
30 25 point 47.4318468 -122.250292
31 25 disappearpoint 47.6088157 -122.1756645
35 25 point 47.4017948 -122.3281288
38 25 point 47.448661 -122.1699916
40 25 point 47.5614498 -122.148667
41 25 point 47.5927809 -122.2412829
42 25 point 47.4160331 -122.3297274
44 25 point 47.6592132 -122.3407277
48 25 point 47.5500485 -122.2646812
49 25 point 47.6130498 -122.1352362
0 26 point 47.5734385 -122.2068821
1 26 point 47.59334 -122.3236642
10 26 point 47.5383535 -122.3877114
11 26 point 47.559754 -122.0280424
17 26 point 47.4654164 -122.2746392
19 26 point 47.489047 -122.152258
21 26 point 47.5628817 -122.3792134
23 26 point 47.4871684 -122.049187
24 26 point 47.4796723 -122.1251072
25 26 point 47.569283 -122.2884674
27 26 point 47.5451927 -122.3943327
28 26 point 47.6116107 -121.9860862
29 26 point 47.5993811 -122.2902455
30 26 point 47.4317639 -122.2506278
35 26 point 47.4018146 -122.3281728
38 26 point 47.4486503 -122.1686822
40 26 point 47.5613605 -122.1489036
41 26 point 47.5927818 -122.2412494
42 26 point 47.4147496 -122.3296808
44 26 point 47.6592139 -122.3407361
48 26 point 47.5511068 -122.2647201
49 26 point 47.6130643 -122.1371255
0 27 point 47.5734598 -122.2071411
1 27 point 47.5933745 -122.323699
10 27 point 47.5384173 -122.3873853
11 27 point 47.559808 -122.0282725
17 27 point 47.4652134 -122.2740298
19 27 point 47.489376 -122.152258
21 27 point 47.5632483 -122.378772
23 27 point 47.4868563 -122.0489209
24 27 point 47.4796592 -122.1250673
25 27 point 47.569283 -122.2895403
27 27 point 47.5458611 -122.3943398
28 27 point 47.6116252 -121.9863115
29 27 point 47.599387 -122.290445
30 27 point 47.4317371 -122.2509088
35 27 point 47.4018487 -122.3282251
38 27 point 47.4501478 -122.1686221
40 27 point 47.5612642 -122.1490423
41 27 point 47.5927755 -122.2411542
42 27 point 47.4135422 -122.3296073
44 27 point 47.6592139 -122.3407409
48 27 point 47.5510927 -122.2621894
49 27 point 47.6133313 -122.1372121
0 28 point 47.5734435 -122.2073149
1 28 point 47.5934249 -122.3237344
10 28 point 47.5384403 -122.3872746
11 28 point 47.5599274 -122.0286507
17 28 point 47.4648855 -122.2733593
19 28 point 47.489374 -122.151815
21 28 point 47.5646771 -122.3787684
23 28 point 47.4866895 -122.0490363
24 28 point 47.4796225 -122.1250287
25 28 point 47.5692424 -122.2896605
27 28 point 47.5458478 -122.3933371
28 28 point 47.6116758 -121.9866656
29 28 point 47.5993595 -122.2905787
30 28 point 47.431755 -122.2522534
35 28 point 47.4019004 -122.3282895
38 28 disappearpoint 47.4505715 -122.1685792
40 28 point 47.5610093 -122.1493057
41 28 point 47.5927764 -122.241118
42 28 point 47.4122762 -122.3295316
44 28 point 47.6592138 -122.3407446
48 28 point 47.5511017 -122.2619695
49 28 point 47.6134188 -122.1375222
0 29 point 47.5734072 -122.2075534
1 29 point 47.5935282 -122.323782
10 29 point 47.5385563 -122.3872909
11 29 point 47.5601863 -122.0289752
17 29 point 47.4642933 -122.2724247
19 29 point 47.489361 -122.151754
21 29 point 47.5646829 -122.3794298
23 29 point 47.4865724 -122.0494627
24 29 point 47.4795543 -122.1250445
25 29 point 47.5691266 -122.2895746
27 29 point 47.545858 -122.3925811
28 29 point 47.6116758 -121.9869123
29 29 point 47.5993387 -122.2906322
30 29 point 47.4317654 -122.2538453
35 29 point 47.4019928 -122.3283619
40 29 point 47.5606039 -122.1494996
41 29 point 47.5927773 -122.2410576
42 29 point 47.4122992 -122.3284354
44 29 point 47.6592131 -122.340753
48 29 point 47.5533251 -122.2620033
49 29 point 47.6134299 -122.1376428
0 30 point 47.5733362 -122.2079385
1 30 point 47.5935678 -122.3237972
10 30 point 47.5383941 -122.3879346
11 30 point 47.5604288 -122.0290986
17 30 point 47.4639789 -122.2719943
19 30 point 47.489326 -122.151697
21 30 point 47.5664843 -122.3794441
23 30 point 47.4863263 -122.0498495
24 30 point 47.4795234 -122.1251238
25 30 point 47.5690745 -122.2897291
27 30 disappearpoint 47.5449493 -122.3925732
28 30 point 47.6116685 -121.9871054
29 30 point 47.5993049 -122.2906713
30 30 point 47.4317615 -122.2551269
35 30 point 47.4022141 -122.3285282
40 30 point 47.5605109 -122.1495437
41 30 point 47.5927963 -122.2409973
42 30 point 47.4123326 -122.3273411
44 30 point 47.6592117 -122.3407612
48 30 point 47.553952 -122.2620723
49 30 point 47.613398 -122.1378277
0 31 point 47.5732284 -122.2085442
1 31 point 47.5936448 -122.323803
10 31 point 47.5383246 -122.3881578
11 31 point 47.5604179 -122.0293802
17 31 point 47.4637105 -122.2716939
19 31 point 47.489294 -122.151667
21 31 point 47.5664973 -122.3800938
23 31 point 47.4858807 -122.0501204
24 31 point 47.4795381 -122.1252028
25 31 point 47.5689413 -122.2896176
28 31 point 47.6116179 -121.9873629
29 31 point 47.599218 -122.2907053
30 31 point 47.4317618 -122.2551974
35 31 point 47.4023405 -122.3286379
40 31 point 47.5605791 -122.149846
41 31 point 47.592837 -122.2409329
42 31 point 47.4136083 -122.3273958
44 31 point 47.6592112 -122.3407631
48 31 point 47.5543872 -122.2622643
49 31 point 47.613343 -122.1379018
0 32 point 47.5729228 -122.2085501
1 32 point 47.5941517 -122.323792
10 32 point 47.5382153 -122.3885373
11 32 point 47.5603944 -122.0299623
17 32 point 47.4631484 -122.2711038
19 32 point 47.489249 -122.151654
21 32 point 47.5683421 -122.3800945
23 32 point 47.4854921 -122.0500904
24 32 point 47.4795756 -122.1252424
25 32 point 47.5689413 -122.2892828
28 32 point 47.6115818 -121.9876204
29 32 point 47.5991076 -122.2907402
30 32 point 47.4317648 -122.2563554
35 32 point 47.4030182 -122.3286961
40 32 point 47.5606492 -122.150102
41 32 point 47.5929003 -122.2408538
42 32 point 47.4160183 -122.3275165
44 32 point 47.6592096 -122.340769
48 32 point 47.5548078 -122.2625209
49 32 point 47.6132276 -122.1379441
0 33 point 47.572069 -122.209063
1 33 point 47.5941408 -122.32504
10 33 point 47.5381226 -122.3888549
11 33 disappearpoint 47.560503 -122.0304424
17 33 point 47.4629732 -122.2709226
19 33 point 47.489089 -122.151644
21 33 point 47.5683652 -122.3800258
23 33 point 47.4847537 -122.0502899
24 33 point 47.4796266 -122.12524
25 33 point 47.5687676 -122.2892828
28 33 point 47.6115456 -121.9878779
29 33 point 47.5990557 -122.2907489
30 33 point 47.4317599 -122.2564975
35 33 point 47.403077 -122.3287031
40 33 point 47.5607196 -122.1502244
41 33 point 47.5929238 -122.2408122
42 33 point 47.4160157 -122.3263975
44 33 point 47.6592068 -122.3407764
48 33 point 47.5548011 -122.2629911
49 33 point 47.6131628 -122.1381084
0 34 point 47.571747 -122.209291
1 34 point 47.5934716 -122.3245994
10 34 point 47.5380299 -122.3891553
17 34 point 47.4628976 -122.2707623
19 34 point 47.489038 -122.151651
21 34 point 47.568415 -122.3800064
23 34 point 47.4843922 -122.050497
24 34 point 47.4796666 -122.125186
25 34 point 47.5686112 -122.2892828
28 34 point 47.6115239 -121.9881461
29 34 point 47.5989335 -122.2907303
30 34 point 47.4317473 -122.2565506
35 34 point 47.4030848 -122.3284346
40 34 point 47.5607978 -122.150319
41 34 point 47.5929557 -122.2407753
42 34 point 47.4160161 -122.3252897
44 34 point 47.6592034 -122.3407832
48 34 disappearpoint 47.5540055 -122.2629799
49 34 point 47.613017 -122.1382867
0 35 point 47.57125 -122.209897
1 35 point 47.5924487 -122.3238839
10 35 point 47.5380109 -122.3892938
17 35 point 47.4628716 -122.2705793
19 35 point 47.489012 -122.151667
21 35 point 47.5687474 -122.3800087
23 35 point 47.48419 -122.0508006
24 35 point 47.4796723 -122.1251072
25 35 point 47.5686112 -122.2883902
28 35 point 47.6115167 -121.9884036
29 35 point 47.5988341 -122.2907116
30 35 point 47.4317347 -122.2566038
35 35 point 47.4031019 -122.327395
40 35 point 47.5609462 -122.1504373
41 35 point 47.5929748 -122.2407529
42 35 point 47.4172551 -122.3253144
44 35 point 47.6591995 -122.3407894
49 35 point 47.6128596 -122.1385474
0 36 point 47.5710503 -122.2101513
1 36 point 47.5918324 -122.3234945
10 36 point 47.5380067 -122.3894213
17 36 point 47.4628854 -122.2703108
19 36 point 47.488972 -122.151708
21 36 point 47.5689443 -122.3800173
23 36 point 47.4837528 -122.0517941
24 36 point 47.4796592 -122.1250673
25 36 point 47.5687676 -122.2883902
28 36 point 47.6114805 -121.9886826
29 36 point 47.5984811 -122.2904198
30 36 point 47.4316861 -122.2566872
35 36 point 47.401779 -122.3273134
40 36 point 47.5611569 -122.1505674
41 36 point 47.5929944 -122.2407384
42 36 point 47.4185261 -122.3252889
44 36 point 47.6591951 -122.3407948
49 36 point 47.6126909 -122.1386083
0 37 point 47.570759 -122.210688
1 37 point 47.591279 -122.3231417
10 37 point 47.5390191 -122.3894139
17 37 point 47.4630292 -122.2704018
19 37 point 47.488952 -122.151753
21 37 point 47.5690022 -122.3800087
23 37 point 47.4836201 -122.0520655
24 37 point 47.4798274 -122.1249966
25 37 point 47.5687676 -122.2892828
28 37 point 47.611466 -121.9888971
29 37 point 47.5980376 -122.290054
30 37 point 47.4316612 -122.2567164
35 37 point 47.4018463 -122.3259275
40 37 point 47.5613481 -122.1507165
41 37 point 47.5930197 -122.2406996
42 37 point 47.4185281 -122.3263828
44 37 point 47.6591903 -122.3407993
49 37 point 47.6126178 -122.1387481
0 38 point 47.5707864 -122.2107999
1 38 point 47.590723 -122.3229042
10 38 point 47.539755 -122.3894054
17 38 point 47.4630903 -122.2704225
19 38 point 47.488941 -122.151826
21 38 point 47.5690544 -122.3799915
23 38 point 47.4831433 -122.0526079
24 38 point 47.480212 -122.1250036
25 38 point 47.5689413 -122.2892828
28 38 point 47.6114508 -121.9891514
29 38 point 47.5979724 -122.2900012
30 38 point 47.4316053 -122.2567392
35 38 point 47.4018868 -122.3245696
40 38 point 47.5615295 -122.1508659
41 38 point 47.5930423 -122.2406633
42 38 point 47.4197975 -122.3263704
44 38 point 47.6591851 -122.3408028
49 38 disappearpoint 47.6126075 -122.1390298
0 39 point 47.5705286 -122.2109752
1 39 point 47.5905788 -122.3228227
10 39 point 47.5396971 -122.3896629
17 39 point 47.4632973 -122.2704928
19 39 point 47.488941 -122.152085
21 39 point 47.5691412 -122.37994
23 39 point 47.4830937 -122.0529845
24 39 point 47.4809004 -122.1250106
25 39 point 47.5689413 -122.2896176
28 39 point 47.6114588 -121.9893156
29 39 point 47.5979432 -122.2899731
30 39 point 47.4303949 -122.2568677
35 39 point 47.4031656 -122.324634
40 39 point 47.5617299 -122.1510546
41 39 disappearpoint 47.5931246 -122.240607
42 39 point 47.419807 -122.3252519
44 39 point 47.6591797 -122.3408054
0 40 point 47.5703716 -122.2111353
1 40 point 47.5904127 -122.3227019
10 40 point 47.5396797 -122.389886
17 40 point 47.4634824 -122.2705365
19 40 point 47.488951 -122.15214
21 40 point 47.5697285 -122.3796213
23 40 point 47.4827373 -122.0536776
24 40 point 47.4809646 -122.1250173
25 40 point 47.5690745 -122.2897291
28 40 point 47.6115384 -121.9895087
29 40 point 47.597494 -122.289604
30 40 point 47.4297522 -122.2569345
35 40 point 47.4031905 -122.3239461
40 40 point 47.5618927 -122.1512344
42 40 point 47.4185261 -122.3252889
44 40 point 47.6591741 -122.340807
0 41 point 47.5702401 -122.2113166
1 41 point 47.5903007 -122.3226195
10 41 point 47.5396797 -122.3901092
17 41 point 47.4636886 -122.270574
19 41 point 47.488971 -122.152194
21 41 point 47.5698072 -122.3796167
23 41 point 47.4825839 -122.0540899
24 41 point 47.4809652 -122.124442
25 41 point 47.5691266 -122.2895746
28 41 point 47.6116541 -121.9897125
29 41 point 47.5970796 -122.2892712
30 41 point 47.4285215 -122.257057
35 41 point 47.4032105 -122.3233011
40 41 point 47.5621759 -122.1515791
42 41 point 47.4185361 -122.3241085
44 41 point 47.6591709 -122.3408072
0 42 point 47.5700169 -122.2117305
1 42 point 47.5902315 -122.3224924
10 42 point 47.5396855 -122.3902293
17 42 point 47.4638809 -122.2705942
19 42 point 47.489008 -122.152241
21 42 point 47.5698696 -122.3796186
23 42 point 47.4825238 -122.0542515
24 42 point 47.4818675 -122.1244812
25 42 point 47.5691266 -122.2884674
28 42 point 47.6117336 -121.9898735
29 42 point 47.5968661 -122.289125
30 42 point 47.42852 -122.2618761
35 42 disappearpoint 47.4043583 -122.3233169
40 42 point 47.5623876 -122.1519466
42 42 point 47.419808 -122.3241369
44 42 point 47.6591568 -122.3422186
0 43 point 47.569914 -122.2119541
1 43 point 47.5903764 -122.3224902
10 43 point 47.5396971 -122.3903495
17 43 point 47.4644404 -122.2705972
19 43 point 47.489047 -122.152258
21 43 point 47.5704978 -122.3792581
23 43 point 47.4824978 -122.0543214
24 43 point 47.481869 -122.123161
25 43 point 47.569283 -122.2884674
28 43 point 47.6118132 -121.9900344
29 43 point 47.5966405 -122.2890502
30 43 point 47.4285158 -122.2621947
40 43 point 47.5625468 -122.1523222
42 43 point 47.419807 -122.3252519
44 43 point 47.6591776 -122.3437581
0 44 point 47.5698783 -122.2120976
1 44 point 47.5904353 -122.3224991
10 44 point 47.5397087 -122.3904697
17 44 point 47.4649648 -122.2705962
19 44 point 47.489376 -122.152258
21 44 point 47.5712173 -122.379262
23 44 point 47.4824408 -122.0544747
24 44 disappearpoint 47.4818679 -122.1227531
25 44 point 47.569283 -122.2895403
28 44 point 47.6118566 -121.9902061
29 44 point 47.5966042 -122.2890479
30 44 point 47.4284923 -122.2624963
40 44 point 47.5627004 -122.1528004
42 44 point 47.4185261 -122.3252889
44 44 point 47.6579934 -122.3435226
0 45 point 47.5698964 -122.2122376
1 45 point 47.5905961 -122.3224996
10 45 point 47.5397203 -122.3905812
17 45 point 47.4654347 -122.2705953
19 45 point 47.489374 -122.151815
21 45 point 47.5731456 -122.3793221
23 45 point 47.4821576 -122.0551131
25 45 point 47.5692424 -122.2896605
28 45 point 47.6119145 -121.9903992
29 45 point 47.5957653 -122.289063
30 45 point 47.4284425 -122.2627438
40 45 point 47.5628085 -122.1532626
42 45 point 47.4185281 -122.3263828
44 45 point 47.6566358 -122.3435162
0 46 point 47.5699466 -122.2122985
1 46 point 47.5916189 -122.3224727
10 46 point 47.5397382 -122.3906784
17 46 point 47.4667979 -122.2705927
19 46 point 47.489361 -122.151754
21 46 point 47.5731398 -122.3781892
23 46 point 47.4819499 -122.0557193
25 46 point 47.5691266 -122.2895746
28 46 disappearpoint 47.6118855 -121.9905387
29 46 point 47.5957652 -122.289124
30 46 point 47.4283756 -122.2630079
40 46 point 47.5629584 -122.1540845
42 46 point 47.4171744 -122.3263785
44 46 point 47.6566305 -122.3423525
0 47 point 47.57002 -122.2123332
1 47 point 47.5922213 -122.32247
10 47 point 47.5396333 -122.3907272
17 47 point 47.4676761 -122.2706029
19 47 point 47.489326 -122.151697
21 47 point 47.5755718 -122.3781548
23 47 point 47.4818721 -122.0559019
25 47 point 47.5691266 -122.2884674
29 47 point 47.5957646 -122.289697
30 47 point 47.4282703 -122.2632628
40 47 point 47.5629829 -122.1544159
42 47 point 47.4160157 -122.3263975
44 47 point 47.6558916 -122.3423916
0 48 point 47.5707677 -122.2122801
1 48 point 47.5923383 -122.3224721
10 48 point 47.5388743 -122.3910705
17 48 point 47.474047 -122.2705356
19 48 point 47.489294 -122.151667
21 48 point 47.5755809 -122.3792177
23 48 point 47.4817001 -122.0560202
25 48 point 47.569283 -122.2884674
29 48 point 47.595764 -122.2902697
30 48 point 47.4281471 -122.2635163
40 48 point 47.5629953 -122.154725
42 48 point 47.4160161 -122.3252897
44 48 point 47.655364 -122.34242
0 49 point 47.57134 -122.2122624
1 49 point 47.592403 -122.3224812
10 49 point 47.5386761 -122.391159
17 49 point 47.4740838 -122.2731918
19 49 point 47.489249 -122.151654
21 49 point 47.5755857 -122.3803013
23 49 point 47.4811665 -122.0561297
25 49 point 47.5694451 -122.2884674
29 49 point 47.5957607 -122.2907856
30 49 point 47.4279009 -122.2637884
40 49 point 47.5629526 -122.1550114
42 49 point 47.4160183 -122.3240583
44 49 point 47.6554635 -122.3418365
0 50 point 47.5714161 -122.21219
1 50 point 47.5924554 -122.3224897
10 50 point 47.5379933 -122.3914574
17 50 point 47.4747133 -122.2732187
19 50 point 47.489089 -122.151644
21 50 point 47.5774309 -122.3802661
23 50 point 47.4805426 -122.0561919
25 50 point 47.5696015 -122.2884588
29 50 point 47.595768 -122.2914701
30 50 point 47.4276501 -122.2640137
40 50 point 47.5628823 -122.1552776
42 50 point 47.4160318 -122.3229014
44 50 point 47.6554736 -122.341775
0 51 point 47.5715479 -122.21233
1 51 point 47.5924966 -122.3225006
10 51 point 47.537297 -122.3917861
17 51 point 47.4749002 -122.2732669
19 51 point 47.489038 -122.151651
21 51 point 47.5774251 -122.3791932
23 51 point 47.4805347 -122.0549346
25 51 point 47.5696015 -122.2893
29 51 point 47.5966392 -122.2914823
30 51 point 47.4263935 -122.2651187
40 51 point 47.5627913 -122.1555568
42 51 point 47.4149151 -122.3228835
44 51 disappearpoint 47.6548704 -122.3417798
0 52 point 47.5734109 -122.2134366
1 52 point 47.5925326 -122.3225188
10 52 point 47.5369879 -122.391932
17 52 disappearpoint 47.4752555 -122.2733742
19 52 point 47.489012 -122.151667
21 52 point 47.5755809 -122.3792177
23 52 point 47.4805128 -122.0514678
25 52 point 47.5697646 -122.2892993
29 52 point 47.5979579 -122.2914426
30 52 point 47.4260891 -122.2653601
40 52 point 47.5626301 -122.1558714
42 52 point 47.4149151 -122.3239974
0 53 point 47.5738739 -122.2138964
1 53 point 47.5925624 -122.3225372
10 53 point 47.536988 -122.390889
19 53 point 47.488972 -122.151708
21 53 point 47.5731456 -122.3793221
23 53 point 47.4805128 -122.0511226
25 53 point 47.569763 -122.2898331
29 53 point 47.5979612 -122.2920037
30 53 point 47.4259836 -122.2654445
40 53 point 47.5625602 -122.1560678
42 53 point 47.4160183 -122.3240583
0 54 point 47.574008 -122.2140696
1 54 point 47.5925915 -122.3225617
10 54 point 47.5369876 -122.3899503
19 54 point 47.488952 -122.151753
21 54 point 47.5731565 -122.3803203
23 54 point 47.481473 -122.051292
25 54 point 47.5695958 -122.2898376
29 54 point 47.5979605 -122.2922758
30 54 point 47.4258712 -122.2655118
40 54 point 47.5624976 -122.156316
42 54 point 47.4172758 -122.324091
0 55 point 47.5741129 -122.2142656
1 55 point 47.5926222 -122.3225881
10 55 point 47.5369876 -122.389876
19 55 point 47.488941 -122.151826
21 55 point 47.5731665 -122.381411
23 55 point 47.482522 -122.051292
25 55 point 47.5696015 -122.2893
29 55 point 47.5979836 -122.292589
30 55 point 47.4257594 -122.2655521
40 55 point 47.5624753 -122.1565478
42 55 point 47.4172629 -122.3229554
0 56 point 47.574274 -122.2147176
1 56 point 47.5926513 -122.3226185
10 56 point 47.5379772 -122.3898652
19 56 point 47.488941 -122.152085
21 56 point 47.5712219 -122.3814364
23 56 disappearpoint 47.483389 -122.051221
25 56 point 47.5696015 -122.2884588
29 56 point 47.5979855 -122.2926147
30 56 point 47.4256516 -122.2655621
40 56 point 47.5625025 -122.1568568
42 56 point 47.4160318 -122.3229014
0 57 point 47.5743287 -122.2148664
1 57 point 47.5926861 -122.3226551
10 57 point 47.537981 -122.3902474
19 57 point 47.488951 -122.15214
21 57 point 47.5701905 -122.3814559
25 57 point 47.5694451 -122.2884674
29 57 point 47.5979264 -122.2926171
30 57 point 47.4255399 -122.2655512
40 57 point 47.5625679 -122.1571179
42 57 point 47.4160411 -122.3218012
0 58 point 47.5736691 -122.2150999
1 58 point 47.592714 -122.3226933
10 58 point 47.5384629 -122.3902465
19 58 point 47.488971 -122.152194
21 58 point 47.56927 -122.381473
25 58 point 47.5694451 -122.2893
29 58 point 47.5966751 -122.2926677
30 58 point 47.4254316 -122.2655187
40 58 point 47.5626429 -122.1572905
42 58 point 47.4172813 -122.3218605
0 59 point 47.573421 -122.215133
1 59 point 47.5927625 -122.3227864
10 59 point 47.5385382 -122.3902551
19 59 point 47.489008 -122.152241
21 59 point 47.5683652 -122.3814678
25 59 point 47.5694451 -122.289815
29 59 point 47.5957595 -122.2926824
30 59 point 47.4253473 -122.2654767
40 59 point 47.5627987 -122.1575512
42 59 disappearpoint 47.4180836 -122.3218769
0 60 point 47.571421 -122.215033
1 60 point 47.5929804 -122.3232044
10 60 point 47.5385977 -122.3902848
19 60 point 47.489047 -122.152258
21 60 point 47.5683536 -122.3813734
25 60 point 47.5692424 -122.2896605
29 60 point 47.5945774 -122.2927204
30 60 point 47.4252624 -122.2654138
40 60 point 47.5626987 -122.1576524
0 61 point 47.570921 -122.216233
1 61 point 47.5930257 -122.3233745
10 61 disappearpoint 47.5387005 -122.3903581
19 61 point 47.489376 -122.152258
21 61 point 47.5683482 -122.3807667
25 61 point 47.5691266 -122.2895746
29 61 point 47.5934956 -122.292762
30 61 point 47.4250961 -122.2652669
40 61 point 47.5625605 -122.1577495
0 62 point 47.5708603 -122.2173435
1 62 point 47.5931645 -122.323952
19 62 point 47.48938 -122.153021
21 62 point 47.5664961 -122.3807602
25 62 point 47.5690745 -122.2897291
29 62 point 47.593292 -122.2927698
30 62 point 47.4245928 -122.2647477
40 62 point 47.562445 -122.1577565
0 63 point 47.5691428 -122.2174351
1 63 point 47.5932235 -122.3241877
19 63 point 47.489413 -122.153154
21 63 point 47.5664948 -122.3814478
25 63 point 47.5689413 -122.2896176
29 63 point 47.593293 -122.2928262
30 63 point 47.4243657 -122.2645102
40 63 point 47.5623114 -122.1577409
0 64 point 47.5691186 -122.2188574
1 64 point 47.5932463 -122.324276
19 64 point 47.489483 -122.15324
21 64 point 47.5683652 -122.3814678
25 64 point 47.5689413 -122.2892828
29 64 point 47.5933015 -122.2933757
30 64 point 47.4242279 -122.2643784
40 64 point 47.5620855 -122.1576637
0 65 point 47.5673204 -122.2189162
1 65 point 47.5932673 -122.3243361
19 65 point 47.489537 -122.153269
21 65 point 47.5683536 -122.3813734
25 65 point 47.5689359 -122.2884397
29 65 point 47.5944685 -122.2943389
30 65 point 47.4240657 -122.2642437
40 65 point 47.5618815 -122.1575767
0 66 point 47.5673165 -122.2187706
1 66 point 47.5932984 -122.3243977
19 66 point 47.489699 -122.153269
21 66 point 47.5683482 -122.3807667
25 66 point 47.5688023 -122.2883902
29 66 point 47.5944817 -122.2954344
30 66 point 47.4238116 -122.2640549
40 66 point 47.5616917 -122.1575272
0 67 point 47.5673351 -122.2174767
1 67 point 47.5933627 -122.324482
19 67 disappearpoint 47.4898526 -122.153195
21 67 point 47.5683425 -122.3801374
25 67 point 47.5687676 -122.2883902
29 67 point 47.5957982 -122.2954098
30 67 point 47.4240401 -122.263823
40 67 point 47.5613868 -122.157546
0 68 point 47.5672761 -122.2173168
1 68 point 47.5934716 -122.3245994
21 68 point 47.5683884 -122.380146
25 68 point 47.5686112 -122.2883902
29 68 point 47.5957935 -122.295153
30 68 point 47.4255391 -122.262528
40 68 point 47.5611952 -122.1576183
0 69 disappearpoint 47.5669383 -122.2172906
1 69 point 47.5941408 -122.32504
21 69 point 47.5689443 -122.3801632
25 69 point 47.5684607 -122.2883902
29 69 point 47.5957852 -122.2943327
30 69 point 47.4258526 -122.2622368
40 69 point 47.5609734 -122.1577873
1 70 point 47.5941517 -122.323792
21 70 point 47.5690717 -122.3801546
25 70 point 47.5684565 -122.2892605
29 70 point 47.5957798 -122.2938873
30 70 point 47.4261787 -122.261836
40 70 point 47.5607682 -122.1579549
1 71 point 47.5936448 -122.323803
21 71 point 47.5691818 -122.3801031
25 71 point 47.5684896 -122.2892828
29 71 point 47.5957727 -122.2932959
30 71 point 47.4263645 -122.2614498
40 71 point 47.5605983 -122.1580995
1 72 point 47.5935678 -122.3237972
21 72 point 47.5692628 -122.3801889
25 72 point 47.5686112 -122.2892828
29 72 point 47.5944558 -122.2932839
30 72 point 47.4265213 -122.261012
40 72 point 47.5604435 -122.158213
1 73 point 47.5935282 -122.323782
21 73 point 47.5701655 -122.3808672
25 73 point 47.5687676 -122.2892828
29 73 point 47.5933015 -122.2933757
30 73 point 47.4266206 -122.2605928
40 73 point 47.560287 -122.1582721
1 74 point 47.5934249 -122.3237344
21 74 point 47.5707164 -122.3803692
25 74 point 47.5686198 -122.2897068
29 74 point 47.5933141 -122.2943557
30 74 point 47.4266555 -122.260267
40 74 point 47.5602012 -122.1583045
1 75 point 47.5933745 -122.323699
21 75 point 47.5707743 -122.3803434
25 75 point 47.5679663 -122.2891703
29 75 point 47.5933323 -122.2954506
30 75 point 47.4266961 -122.2598804
40 75 point 47.559702 -122.1581932
1 76 point 47.59334 -122.3236642
21 76 point 47.5708495 -122.3803348
25 76 point 47.5671053 -122.2889987
29 76 point 47.5921767 -122.2954756
30 76 point 47.4266897 -122.25709
40 76 point 47.5592185 -122.1581958
1 77 point 47.5933056 -122.3236202
21 77 point 47.57122 -122.380238
25 77 point 47.566174 -122.2887466
29 77 point 47.5921714 -122.2949386
30 77 point 47.427632 -122.257073
40 77 point 47.5591009 -122.1581993
1 78 point 47.5932682 -122.323568
21 78 point 47.5731565 -122.3803203
25 78 point 47.5661697 -122.2875876
29 78 point 47.592164 -122.2944021
30 78 point 47.4285215 -122.257057
40 78 point 47.559009 -122.1581275
1 79 point 47.5932198 -122.3234871
21 79 point 47.5731665 -122.381411
25 79 point 47.5679615 -122.2876983
29 79 point 47.5933141 -122.2943557
30 79 point 47.4285127 -122.2556017
40 79 point 47.5589115 -122.1579984
1 80 point 47.5931717 -122.3234234
21 80 point 47.5712219 -122.3814364
25 80 point 47.5682194 -122.2877025
29 80 point 47.5933323 -122.2954506
30 80 point 47.4285041 -122.2541559
40 80 point 47.5587115 -122.1575158
1 81 point 47.5931211 -122.3233636
21 81 point 47.5712315 -122.3825342
25 81 point 47.5682203 -122.2875195
29 81 point 47.5944817 -122.2954344
30 81 point 47.4317654 -122.2538453
40 81 point 47.5585536 -122.1572924
1 82 point 47.5930644 -122.3232977
21 82 point 47.5731635 -122.3825326
25 82 point 47.5684466 -122.2875195
29 82 point 47.5944685 -122.2943389
30 82 point 47.4317615 -122.2551269
40 82 point 47.5584396 -122.1571354
1 83 point 47.5930375 -122.3232689
21 83 point 47.5731665 -122.381411
25 83 point 47.5685311 -122.2874586
29 83 point 47.5957852 -122.2943327
30 83 point 47.4317618 -122.2551974
40 83 point 47.5583254 -122.1570824
1 84 point 47.5929804 -122.3232044
21 84 point 47.5731565 -122.3803203
25 84 point 47.5685582 -122.287421
29 84 point 47.5957935 -122.295153
30 84 point 47.4317648 -122.2563554
40 84 point 47.5582469 -122.1570774
1 85 point 47.5930257 -122.3233745
21 85 point 47.5755857 -122.3803013
25 85 point 47.5696009 -122.2874139
29 85 point 47.5957982 -122.2954098
30 85 point 47.4317599 -122.2564975
40 85 point 47.5581282 -122.157122
1 86 point 47.5931645 -122.323952
21 86 point 47.5774309 -122.3802661
25 86 point 47.5697662 -122.2874122
29 86 point 47.5944817 -122.2954344
30 86 point 47.4317473 -122.2565506
40 86 point 47.5579795 -122.1572264
1 87 point 47.5932235 -122.3241877
21 87 point 47.5774309 -122.3813132
25 87 point 47.569778 -122.2872097
29 87 point 47.5944964 -122.2965675
30 87 point 47.4317347 -122.2566038
40 87 point 47.5578441 -122.1571691
1 88 point 47.5932463 -122.324276
21 88 point 47.5769214 -122.3813389
25 88 point 47.569702 -122.2872192
29 88 point 47.59552 -122.296436
30 88 point 47.4316861 -122.2566872
40 88 point 47.5577531 -122.1570365
1 89 point 47.5932673 -122.3243361
21 89 point 47.5769217 -122.3820893
25 89 point 47.567955 -122.2872493
29 89 point 47.5956223 -122.2963516
30 89 disappearpoint 47.4317826 -122.2572111
40 89 point 47.5575914 -122.1568025
1 90 point 47.5932984 -122.3243977
21 90 point 47.5769307 -122.3834179
25 90 point 47.5679615 -122.2876983
29 90 point 47.5958087 -122.2963436
40 90 point 47.5574046 -122.1565598
1 91 point 47.5933627 -122.324482
21 91 point 47.576421 -122.3834525
25 91 point 47.56796 -122.2883675
29 91 point 47.5957982 -122.2954098
40 91 point 47.5572959 -122.1564509
1 92 point 47.5934716 -122.3245994
21 92 point 47.5756243 -122.3834898
25 92 point 47.5682985 -122.2883644
29 92 point 47.5944817 -122.2954344
40 92 point 47.5571815 -122.1563814
1 93 point 47.5941408 -122.32504
21 93 point 47.57562 -122.382538
25 93 point 47.5683738 -122.2883902
29 93 point 47.5944685 -122.2943389
40 93 point 47.5570419 -122.1563271
1 94 point 47.5943502 -122.3251871
21 94 point 47.5756185 -122.3821764
25 94 point 47.5684607 -122.2883902
29 94 point 47.5933015 -122.2933757
40 94 point 47.5568581 -122.1562701
1 95 point 47.5946107 -122.3250797
21 95 point 47.5755932 -122.3813956
25 95 point 47.5686112 -122.2883902
29 95 point 47.5944558 -122.2932839
40 95 point 47.5566341 -122.1561091
1 96 point 47.5949969 -122.3250702
21 96 point 47.5755857 -122.3803013
25 96 point 47.5686112 -122.2892828
29 96 point 47.5957727 -122.2932959
40 96 point 47.5564899 -122.1560686
1 97 point 47.5949966 -122.3257422
21 97 point 47.5731565 -122.3803203
25 97 point 47.5687676 -122.2892828
29 97 point 47.5957798 -122.2938873
40 97 point 47.5565305 -122.1558194
1 98 point 47.5949665 -122.32601
21 98 point 47.57122 -122.380238
25 98 point 47.5686198 -122.2897068
29 98 point 47.5957852 -122.2943327
40 98 point 47.5564285 -122.1549823
1 99 point 47.592412 -122.3259581
21 99 point 47.5712219 -122.3814364
25 99 point 47.5679663 -122.2891703
29 99 point 47.5944685 -122.2943389
40 99 point 47.5563825 -122.1548629
1 100 point 47.5924062 -122.326146
21 100 point 47.5712315 -122.3825342
25 100 point 47.5671053 -122.2889987
29 100 point 47.5944817 -122.2954344
40 100 point 47.5564519 -122.1546381
1 101 point 47.5924059 -122.3264297
21 101 point 47.5701819 -122.3825409
25 101 point 47.5671098 -122.2893438
29 101 point 47.5957982 -122.2954098
40 101 point 47.556487 -122.1543607
1 102 point 47.5924027 -122.3270459
21 102 point 47.5701905 -122.3814559
25 102 point 47.5657832 -122.2892693
29 102 point 47.5957935 -122.295153
40 102 point 47.5565205 -122.1541849
1 103 point 47.5924041 -122.3270897
21 103 point 47.56927 -122.381473
25 103 point 47.5655891 -122.2892034
29 103 point 47.5957852 -122.2943327
40 103 point 47.5565472 -122.154066
1 104 point 47.5924002 -122.3272537
21 104 point 47.5692676 -122.3821606
25 104 point 47.5656605 -122.2886216
29 104 point 47.5944685 -122.2943389
40 104 point 47.5565898 -122.1539919
1 105 point 47.5924004 -122.3274346
21 105 disappearpoint 47.5700625 -122.3821606
25 105 point 47.5642331 -122.2882196
29 105 point 47.5933141 -122.2943557
40 105 point 47.5567177 -122.1539496
1 106 point 47.5923985 -122.3290458
25 106 point 47.5640892 -122.2881792
29 106 point 47.592164 -122.2944021
40 106 point 47.5568113 -122.1539917
1 107 point 47.5942417 -122.329064
25 107 point 47.5628261 -122.2878311
29 107 point 47.5913202 -122.2944451
40 107 point 47.5568627 -122.1540461
1 108 point 47.5946372 -122.329053
25 108 point 47.5628222 -122.2884603
29 108 point 47.5912924 -122.2944471
40 108 point 47.5569032 -122.1541452
1 109 point 47.5951301 -122.3290579
25 109 point 47.5608257 -122.2880049
29 109 point 47.5912784 -122.2944549
40 109 point 47.5569399 -122.1546059
1 110 point 47.5964331 -122.329071
25 110 point 47.5607432 -122.2879843
29 110 point 47.5911067 -122.2944027
40 110 point 47.5569733 -122.1547403
1 111 point 47.5958386 -122.3277239
25 111 point 47.5607463 -122.2882103
29 111 disappearpoint 47.5907448 -122.2943934
40 111 point 47.5570486 -122.1548943
1 112 point 47.595707 -122.3278552
25 112 point 47.5607547 -122.2888129
40 112 point 47.5570686 -122.1550541
1 113 point 47.5955651 -122.3279494
25 113 point 47.5602512 -122.2888095
40 113 point 47.5571305 -122.1552225
1 114 point 47.5954634 -122.3280046
25 114 point 47.5594047 -122.2888157
40 114 point 47.5572191 -122.1552324
1 115 point 47.5953702 -122.3280355
25 115 point 47.5586586 -122.2888344
40 115 point 47.5572859 -122.1551358
1 116 point 47.5952828 -122.328054
25 116 point 47.5586795 -122.2915083
40 116 point 47.5572675 -122.1549922
1 117 point 47.5952046 -122.3280527
25 117 point 47.5593188 -122.2914889
40 117 point 47.5571856 -122.1549055
1 118 point 47.5951056 -122.3280429
25 118 point 47.5593326 -122.2922525
40 118 point 47.5570486 -122.1548943
1 119 point 47.5950149 -122.328017
25 119 point 47.5586776 -122.2918586
40 119 point 47.5570686 -122.1550541
1 120 point 47.594059 -122.3276629
25 120 point 47.5586795 -122.2915083
40 120 point 47.5571305 -122.1552225
1 121 point 47.5933493 -122.3274038
25 121 point 47.5586586 -122.2888344
40 121 point 47.5572191 -122.1552324
1 122 point 47.593138 -122.3273137
25 122 point 47.558276 -122.2888285
40 122 point 47.5572859 -122.1551358
1 123 point 47.5930257 -122.3272521
25 123 point 47.5578584 -122.288822
40 123 point 47.5572675 -122.1549922
1 124 point 47.592915 -122.3271657
25 124 point 47.5578603 -122.290776
40 124 point 47.5571856 -122.1549055
1 125 point 47.5927985 -122.3270275
25 125 point 47.5578551 -122.2913627
40 125 point 47.5570486 -122.1548943
1 126 point 47.5927186 -122.3269041
25 126 point 47.5570506 -122.2908776
40 126 point 47.5569733 -122.1547403
1 127 point 47.5927944 -122.3270732
25 127 point 47.5570499 -122.2900823
40 127 point 47.5569399 -122.1546059
1 128 point 47.5928742 -122.3272052
25 128 point 47.5570482 -122.2888346
40 128 point 47.5569032 -122.1541452
1 129 point 47.5929618 -122.3273048
25 129 point 47.5570476 -122.2861562
40 129 point 47.5568627 -122.1540461
1 130 point 47.5930815 -122.3273863
25 130 point 47.557044 -122.2846061
40 130 point 47.5568113 -122.1539917
1 131 point 47.5936154 -122.3276336
25 131 point 47.5566909 -122.2843233
40 131 point 47.5567177 -122.1539496
1 132 point 47.5945767 -122.3279904
25 132 point 47.5559232 -122.2835383
40 132 point 47.5565898 -122.1539919
1 133 point 47.5954266 -122.3283058
25 133 point 47.5556063 -122.2831781
40 133 point 47.5565472 -122.154066
1 134 point 47.5956744 -122.3282715
25 134 point 47.5555911 -122.2834177
40 134 point 47.5565205 -122.1541849
1 135 point 47.5958272 -122.3281182
25 135 point 47.5554796 -122.2834915
40 135 point 47.556487 -122.1543607
1 136 point 47.5956377 -122.32802
25 136 point 47.5541954 -122.2834963
40 136 point 47.5564519 -122.1546381
1 137 point 47.5952388 -122.3278516
25 137 point 47.5540037 -122.2827489
40 137 point 47.5563825 -122.1548629
1 138 point 47.5945769 -122.3276356
25 138 point 47.5539881 -122.2821926
40 138 point 47.5562909 -122.1547521
1 139 point 47.5935557 -122.3272976
25 139 point 47.5543779 -122.2817431
40 139 point 47.5560659 -122.154643
1 140 point 47.5930697 -122.3271156
25 140 point 47.5539233 -122.2807851
40 140 point 47.5559255 -122.1545217
1 141 point 47.5928988 -122.3269638
25 141 point 47.553421 -122.279735
40 141 point 47.5556139 -122.1540795
1 142 point 47.5927936 -122.3268219
25 142 point 47.5534084 -122.2807654
40 142 point 47.5555053 -122.1542006
1 143 point 47.5927109 -122.3266467
25 143 point 47.5539233 -122.2807851
40 143 point 47.5553966 -122.1542811
1 144 point 47.5926475 -122.326435
25 144 point 47.5552274 -122.2807615
40 144 point 47.5551756 -122.1544259
1 145 point 47.5926075 -122.3261838
25 145 point 47.5552309 -122.2796247
40 145 point 47.5550088 -122.1545562
1 146 point 47.5926227 -122.3263998
25 146 point 47.5552362 -122.2785742
40 146 point 47.5548841 -122.1547028
1 147 point 47.592668 -122.3266285
25 147 point 47.5552263 -122.2775641
40 147 point 47.5548319 -122.1547836
1 148 point 47.592737 -122.3268141
25 148 point 47.5552139 -122.2765352
40 148 point 47.5547933 -122.1548781
1 149 point 47.5928125 -122.3269357
25 149 point 47.557044 -122.2765299
40 149 point 47.5547298 -122.1550514
1 150 point 47.592928 -122.3270829
25 150 point 47.5570494 -122.2770114
40 150 point 47.5546947 -122.1551875
1 151 point 47.5930402 -122.3271789
25 151 point 47.5581954 -122.276993
40 151 point 47.5546959 -122.1553542
1 152 point 47.5931718 -122.3272573
25 152 point 47.5582114 -122.2757221
40 152 point 47.5547492 -122.155188
1 153 point 47.5933607 -122.3273261
25 153 point 47.5570519 -122.2757194
40 153 point 47.5548094 -122.1549972
1 154 point 47.5942184 -122.3276509
25 154 point 47.557044 -122.2765299
40 154 point 47.5548649 -122.1548413
1 155 point 47.5950265 -122.3279516
25 155 point 47.5552139 -122.2765352
40 155 point 47.5548841 -122.1547028
1 156 point 47.5951376 -122.3279804
25 156 point 47.5552263 -122.2775641
40 156 point 47.5548319 -122.1547836
1 157 point 47.5952261 -122.3279852
25 157 point 47.5570412 -122.2775618
40 157 point 47.5547933 -122.1548781
1 158 point 47.5953221 -122.3279756
25 158 point 47.5570494 -122.2770114
40 158 point 47.5547298 -122.1550514
1 159 point 47.5954063 -122.3279532
25 159 point 47.557044 -122.2765299
40 159 point 47.5546947 -122.1551875
1 160 point 47.5955055 -122.3279068
25 160 point 47.5570519 -122.2757194
40 160 point 47.5546959 -122.1553542
1 161 point 47.5956738 -122.3278061
25 161 point 47.5582114 -122.2757221
40 161 point 47.5546847 -122.155648
1 162 point 47.5958386 -122.3277239
25 162 point 47.5582132 -122.2744693
40 162 point 47.5547231 -122.1558808
1 163 point 47.595707 -122.3278552
25 163 point 47.5593997 -122.2744827
40 163 point 47.5548016 -122.156064
1 164 point 47.5955651 -122.3279494
25 164 point 47.559398 -122.2732299
40 164 point 47.5548551 -122.1561952
1 165 point 47.5954634 -122.3280046
25 165 point 47.5605777 -122.2732299
40 165 point 47.5549035 -122.1563115
1 166 point 47.5953702 -122.3280355
25 166 point 47.5605813 -122.2744956
40 166 point 47.5549604 -122.1564849
1 167 point 47.5952828 -122.328054
25 167 point 47.5605691 -122.2757278
40 167 point 47.5549821 -122.1566136
1 168 point 47.5952046 -122.3280527
25 168 point 47.5617636 -122.2757368
40 168 point 47.5549787 -122.1567225
1 169 point 47.5951056 -122.3280429
25 169 point 47.5618004 -122.2758849
40 169 point 47.5549604 -122.1567795
1 170 point 47.5950149 -122.328017
25 170 point 47.5618062 -122.2764654
40 170 point 47.5549537 -122.1568339
1 171 point 47.594059 -122.3276629
25 171 point 47.561719 -122.277048
40 171 point 47.5549119 -122.156933
1 172 point 47.5933493 -122.3274038
25 172 disappearpoint 47.5617449 -122.2778431
40 172 point 47.5548183 -122.1571607
1 173 point 47.593138 -122.3273137
40 173 point 47.5547337 -122.1572458
1 174 point 47.5930257 -122.3272521
40 174 disappearpoint 47.5549561 -122.1576853
1 175 point 47.592915 -122.3271657
1 176 point 47.5927985 -122.3270275
1 177 point 47.5927186 -122.3269041
1 178 point 47.5926429 -122.3267179
1 179 point 47.5925814 -122.3264847
1 180 point 47.5925531 -122.3262972
1 181 point 47.5925456 -122.3261429
1 182 point 47.5925564 -122.3259307
1 183 point 47.5925714 -122.3257901
1 184 point 47.5926155 -122.3254878
1 185 point 47.5926972 -122.3250664
1 186 point 47.5927998 -122.3246105
1 187 point 47.5928944 -122.3242624
1 188 point 47.5929996 -122.323921
1 189 point 47.5931033 -122.3236383
1 190 point 47.5933671 -122.32296
1 191 point 47.5937506 -122.3219725
1 192 point 47.5938767 -122.3216278
1 193 point 47.5939831 -122.3212834
1 194 point 47.5940689 -122.3209477
1 195 point 47.594148 -122.3205556
1 196 point 47.5942992 -122.319738
1 197 point 47.5944846 -122.3187592
1 198 point 47.5945346 -122.3185435
1 199 point 47.5945925 -122.3183554
